480
478
1033
728
479
171
1149
53
420
45
4478
3443
577
1301
131
37
614
13314
1018
590
381
873
449
251
250
1424
36
1290
591
208
16
46
217
571
1750
974
206
4582
207
3546
3547
3544
219
95
220
501
2171
4030
150
167
1044
406
1617
1616
635
1314
433
465
7712
7711
7710
7709
1598
259
3445
3442
3444
1547
9228
35
5386
5385
5387
5388
13300
1841
2066
4247
1809
1810
1811
1812
119
2631
4095
4094
4093
4092
2441
5640
729
4392
4393
4391
2366
6550
1710
1542
38
717
2019
1307
2021
2724
572
1172
269
865
2026
1127
431
39
491
2566
2031
690
10841
909
13811
9227
9226
477
1285
1286
1287
229
5347
1359
3365
2109
2108
5556
5043
6333
5044
5555
3366
5554
483
484
1713
13136
12005
1745
12004
14043
1742
1746
12006
1019
803
2045
1016
3524
3545
3567
1984
2853
1328
14071
14070
11203
11202
3121
3122
4242
228
4098
9524
2612
371
9832
158
156
14115
152
151
394
2638
4471
598
4085
1398
87
6534
6630
214
215
6629
1783
1784
2198
542
12959
884
885
9974
1115
1546
1548
7907
7908
9358
316
984
982
9357
976
975
51
1818
47
3691
3713
3745
3746
1947
1948
1952
1689
1688
2869
1367
8422
4203
14146
14145
2160
18
7276
8766
8765
4202
889
