1.00000000
0.70000000
0.62000000
0.62000000
0.44000000
0.44000000
0.34000000
0.34000000
0.34000000
0.34000000
0.34000000
0.34000000
0.34000000
0.32000000
0.32000000
0.32000000
0.32000000
0.32000000
0.26000000
0.26000000
0.26000000
0.26000000
0.24000000
0.16000000
0.16000000
0.16000000
0.16000000
0.16000000
0.14000000
0.14000000
0.14000000
0.14000000
0.14000000
0.14000000
0.14000000
0.14000000
0.12000000
0.12000000
0.12000000
0.12000000
0.12000000
0.12000000
0.12000000
0.12000000
0.12000000
0.12000000
0.12000000
0.12000000
0.12000000
0.12000000
0.12000000
0.12000000
0.12000000
0.12000000
0.12000000
0.12000000
0.12000000
0.12000000
0.10000000
0.08000000
0.08000000
0.08000000
0.08000000
0.08000000
0.08000000
0.08000000
0.08000000
0.08000000
0.08000000
0.08000000
0.08000000
0.08000000
0.08000000
0.08000000
0.08000000
0.08000000
0.08000000
0.08000000
0.08000000
0.08000000
0.08000000
0.08000000
0.08000000
0.08000000
0.08000000
0.08000000
0.08000000
0.08000000
0.08000000
0.08000000
0.08000000
0.08000000
0.08000000
0.08000000
0.08000000
0.08000000
0.08000000
0.08000000
0.08000000
0.06000000
0.06000000
0.06000000
0.06000000
0.06000000
0.06000000
0.06000000
0.06000000
0.06000000
0.06000000
0.06000000
0.06000000
0.06000000
0.06000000
0.06000000
0.06000000
0.06000000
0.06000000
0.06000000
0.06000000
0.06000000
0.06000000
0.06000000
0.06000000
0.06000000
0.06000000
0.06000000
0.06000000
0.06000000
0.06000000
0.06000000
0.06000000
0.06000000
0.06000000
0.06000000
0.06000000
0.06000000
0.06000000
0.06000000
0.06000000
0.06000000
0.06000000
0.06000000
0.06000000
0.06000000
0.04000000
0.04000000
0.04000000
0.04000000
0.04000000
0.04000000
0.04000000
0.04000000
0.04000000
0.04000000
0.04000000
0.04000000
0.04000000
0.04000000
0.04000000
0.04000000
0.04000000
0.04000000
0.04000000
0.04000000
0.04000000
0.04000000
0.04000000
0.04000000
0.04000000
0.04000000
0.04000000
0.04000000
0.04000000
0.04000000
0.04000000
0.04000000
0.04000000
0.04000000
0.04000000
0.04000000
0.04000000
0.04000000
0.04000000
0.04000000
0.04000000
0.04000000
0.04000000
0.04000000
0.04000000
0.04000000
0.04000000
0.04000000
0.04000000
0.04000000
0.04000000
0.04000000
0.04000000
0.04000000
0.04000000
0.04000000
0.04000000
0.04000000
0.04000000
0.04000000
0.04000000
0.04000000
0.04000000
0.04000000
0.04000000
0.04000000
0.04000000
0.04000000
0.04000000
0.04000000
0.04000000
0.04000000
0.04000000
0.04000000
0.04000000
0.04000000
0.04000000
0.04000000
0.04000000
0.04000000
0.04000000
0.04000000
0.04000000
0.04000000
0.04000000
0.04000000
0.04000000
0.04000000
0.04000000
0.04000000
0.02000000
