636 3.14159265358979 11.7984029749603
2772 3.15000000999998 12.0756618471842
481 6.24999999999991 12.2378478904275
6257 1.19 12.3529207194082
3763 5.11999999999994 12.4421781399339
2922 1.88 12.5151067626515
1892 4.24999999999995 12.5767670345824
1996 3.07999999999998 12.6301795916322
479 6.20999999999991 12.6772928058947
39 5.56999999999993 12.7194370121579
148 0.6 12.7575610840796
1034 2.39999999999999 12.7923656348755
3848 3.20999999999998 12.8243827179449
9446 3.79999999999996 12.8540259068064
172 4.66999999999994 12.8816230554011
975 3.80999999999996 12.9074384638562
9444 3.79999999999996 12.9316883125827
729 5.90999999999992 12.9545516781187
2236 5.09999999999994 12.9761785666268
11572 1.94 12.9966958843819
11566 1.95 13.0162119500496
6613 1.55 13.0348199563036
11569 1.95 13.0526006613319
11571 1.95 13.0696245070994
11573 1.94 13.0859533049075
11562 1.94 13.1016415901688
11567 1.94 13.116737721362
11564 1.94 13.1312847790303
11563 1.93 13.1453213069548
218 0.32 13.1588819276251
2017 2.67999999999999 13.1719978567543
7277 3.78999999999996 13.1846973360801
1531 0.870000000000001 13.1970059995468
11568 1.92 13.2089471848067
11565 1.92 13.220542199556
2367 5.35999999999993 13.2318105503427
11570 1.91 13.2427701400179
2018 2.65999999999999 13.2534374388508
3637 0.6 13.2638276334121
2632 3.78999999999996 13.2739547566058
1291 3.54999999999997 13.283831801642
4568 3.11999999999998 13.2934708222736
1211 5.35999999999993 13.3028830212377
1370 4.25999999999995 13.3120788285276
1901 2.17 13.3210679708684
1618 3.78999999999996 13.3298595335559
7276 3.77999999999996 13.3384620156443
1098 4.01999999999996 13.3468833793234
8952 2.83999999999998 13.3551310942045
363 5.74999999999992 13.3632121771315
6259 1.12 13.37113322805
9671 3.27999999999997 13.3789004623928
3846 3.26999999999997 13.3865197403811
360 5.74999999999992 13.393996593586
132 4.86999999999994 13.4013362490532
6261 1.12 13.4085436512543
2147 1.28 13.4156234820941
8953 2.83999999999998 13.4225801791788
6255 1.12 13.4294179525225
8957 2.83999999999998 13.4361407998491
2022 4.47999999999995 13.4427525206296
8955 2.83999999999998 13.4492567289783
6262 1.12 13.4556568655169
6263 1.13 13.4619562083041
8954 2.83999999999998 13.4681578829185
3510 3.41999999999997 13.4742648717708
6256 1.13 13.4802800227166
1876 0.18 13.4862060570307
6264 1.13 13.4920455767992
8950 2.83999999999998 13.49780107178
6260 1.13 13.5034749257768
4901 2.83999999999998 13.5090694225667
4061 1.14 13.5145867514196
2014 2.64999999999999 13.5200290122419
8238 2.83999999999998 13.5253982203748
615 1.4 13.5306963110748
8951 2.83999999999998 13.5359251437017
6258 1.14 13.5410865056361
1611 4.25999999999995 13.5461821159471
8956 2.83999999999998 13.5512136288298
8958 2.83999999999998 13.5561826368292
450 3.60999999999997 13.561090673866
1339 1.69 13.5659392180789
13315 3.65999999999997 13.5707296944976
209 1 13.5754634775564
5982 3.23999999999997 13.5801418934617
11093 3.23999999999997 13.5847662224221
6214 5.35999999999993 13.5893377007515
1999 3.04999999999998 13.5938575228531
3767 5.09999999999994 13.5983268430924
709 4.19999999999995 13.602746777567
913 0.45 13.6071184057799
10374 3.23999999999997 13.6114427722216
11094 3.23999999999997 13.6157208878683
578 3.64999999999997 13.6199537316005
11095 3.23999999999997 13.6241422515474
37 6.04999999999992 13.6282873663616
466 3.51999999999997 13.6323899664285
7656 0.75 13.6364509150141
7943 5.96999999999992 13.6404710493555
2561 2.40594059405941 13.6444511816968
10819 3.73529411764705 13.648392100274
7657 0.74757281553398 13.6522945702521
7653 0.75 13.6561593346168
5167 2.17142857142857 13.6599871150233
7661 0.745283018867924 13.6637786126051
7654 0.747663551401869 13.667534508745
7658 0.750000000000001 13.6712554658099
7655 0.75229357798165 13.6749421278519
480 6.16363636363633 13.6785951212772
7660 0.747747747747749 13.6822150554852
874 3.61607142857146 13.6858025234783
2020 4.47787610619466 13.6893581024452
4570 3.11403508771928 13.6928823543181
395 3.66956521739129 13.6963758263056
17 2.54310344827587 13.6998390514028
4571 3.11965811965811 13.7032725488794
12765 2.16949152542372 13.7066768247465
350 3.11764705882352 13.7100523722049
3934 2.66666666666666 13.7133996720731
12771 2.17355371900826 13.716719193199
10820 3.74590163934423 13.7200113928536
1997 3.04878048780489 13.7232767171092
799 4.96774193548389 13.7265156012023
3444 0.024 13.7297284698812
270 2.26984126984126 13.7329157377408
2049 2.07086614173228 13.7360778095437
12769 2.171875 13.7392150805281
12767 2.17054263565892 13.7423279367049
12768 2.16923076923076 13.7454167551425
12770 2.1679389312977 13.7484819042407
7659 0.749999999999999 13.7515237439948
4572 3.1127819548872 13.754542626249
12766 2.17164179104477 13.7575388949406
10818 3.74814814814816 13.7605128863356
1360 4.67647058823532 13.7634649292547
4569 3.11678832116788 13.7663953452915
591 5.94927536231874 13.7693044490231
361 5.74820143884889 13.7721925482125
2331 0.878571428571426 13.775059944004
2327 0.879432624113476 13.7779069311115
151 4.38732394366204 13.7807337980008
10842 3.62937062937066 13.7835408270642
153 4.38888888888895 13.7863282947907
3928 3.41379310344824 13.7890964719285
2326 0.876712328767126 13.7918456236436
4031 0.319727891156463 13.7945760096718
2432 0.445945945945945 13.7972878844659
572 0.315436241610738 13.7999814973384
7176 3.20000000000002 13.8026570925988
1019 4.86092715231781 13.8053149096862
356 5.7500000000001 13.8079551832988
14106 1.24836601307189 13.8105781435172
2172 0.318181818181818 13.8131840159257
14107 1.24516129032258 13.815773021728
2329 0.878205128205126 13.8183453778601
358 5.75159235668803 13.8209012970996
3760 5.10759493670888 13.823440988171
54 0.320754716981132 13.8259646558484
221 0.31875 13.8284725010538
14110 1.24844720496894 13.830964720954
382 6.06172839506161 13.8334415090532
2330 0.877300613496931 13.835903055283
2196 4.2987804878048 13.8383495460899
220 0.315151515151515 13.8407811645205
750 0.596385542168675 13.8431980903029
14111 1.24550898203593 13.845600499927
6052 2.94047619047618 13.8479885667216
502 0.319526627218935 13.8503624609295
1948 6.2705882352941 13.8527223497804
492 4.11111111111116 13.8550683975613
359 5.74999999999988 13.8574007656856
929 3.92485549132944 13.8597196127594
889 3.92528735632179 13.8620250946461
357 5.74857142857135 13.8643173645297
362 5.7500000000001 13.8665965729755
5523 0.59322033898305 13.8688628679898
7613 4.29213483146069 13.8711163950771
2332 0.877094972067042 13.8733572972966
1949 6.2722222222222 13.8755857153163
14108 1.24861878453039 13.8778017874666
14109 1.24725274725274 13.880005649791
7310 5.26229508196719 13.8821974360968
7311 5.26086956521736 13.8843772780039
2328 0.875675675675672 13.8865453049916
412 2.36559139784946 13.8887016444455
1947 6.27272727272711 13.8908464217021
6579 4.78191489361697 13.8929797600922
2321 5.45502645502648 13.8951017809841
6781 0.994736842105265 13.8972126038245
3615 6.05759162303677 13.8993123461789
9327 4.56250000000001 13.9014011237714
3426 0.103626943005181 13.9034790505222
9326 4.56185567010308 13.9055462385856
13629 1.76410256410256 13.9076027983858
1912 5.67346938775507 13.9096488386525
2067 3.77157360406094 13.9116844664555
9440 2.76262626262627 13.9137097872381
251 6.05527638190946 13.9157249048501
2477 6.14499999999989 13.9177299215795
9436 2.76119402985077 13.9197249381839
8097 1.54455445544555 13.9217100539207
1097 4.0197044334976 13.923685366577
252 6.05882352941174 13.9256509724979
1998 3.07317073170732 13.9276069666156
1915 5.67475728155341 13.9295534424761
1913 5.67149758454109 13.9314904922664
955 3.35096153846159 13.9334182068408
208 1.02392344497608 13.9353366757462
9443 3.83809523809523 13.9372459872472
2437 1.46445497630332 13.9391462283507
3336 1.03773584905661 13.9410374848291
1425 6.05633802816889 13.942919841244
9325 4.56074766355132 13.944793380969
13628 1.76279069767443 13.9466581862113
13632 1.76388888888888 13.9485143380339
3366 4.86635944700454 13.9503619163764
9324 4.56422018348618 13.9522010000759
3558 0.972602739726022 13.9540316668869
1547 5.67272727272734 13.9558539935012
1548 5.67420814479636 13.9576680555674
2015 2.66216216216217 13.9594739277092
5149 1.54708520179373 13.9612716835443
5641 5.82142857142848 13.9630613957023
6215 5.35999999999986 13.964843135842
5044 0.845132743362833 13.9666169746692
9445 3.83259911894266 13.9683829819528
9328 4.56140350877198 13.970141226542
10582 4.28820960698683 13.971891776382
10581 4.28695652173919 13.9736346985295
2320 5.45454545454544 13.975370059169
7713 3.53448275862074 13.9770979236268
9447 3.83261802575103 13.9788183563865
2483 2.66239316239315 13.9805314211033
631 0.242553191489362 13.9822371806179
2843 1.54661016949152 13.9839356969705
9435 2.75949367088609 13.9856270314143
38 1.63025210084033 13.9873112444288
10583 4.28451882845184 13.9889883957329
1617 3.77083333333342 13.9906585442971
11352 0.510373443983402 13.9923217483565
13630 1.76033057851241 13.9939780654229
11350 0.51028806584362 13.9956275522965
6212 5.36065573770501 13.9972702650775
1842 4.86530612244894 13.9989062591781
6216 5.35772357723567 14.0005355893332
11353 0.510121457489878 14.0021583096114
1374 2.48790322580646 14.0037744734263
1375 2.48594377510043 14.0053841335461
7712 3.532 14.0069873421052
1599 3.53386454183267 14.008584150613
1711 0.686507936507935 14.0101746099648
48 6.05533596837964 14.0117587704513
11356 0.511811023622046 14.0133366817677
511 0.392156862745097 14.0149083930236
9439 2.76171875 14.0164739527521
9437 2.76264591439688 14.0180334089183
1669 3.06976744186047 14.0195868089289
407 6.19305019305017 14.0211341996401
46 6.19230769230767 14.0226756273665
7563 4.01915708812263 14.0242111378893
786 1.34351145038167 14.0257407764647
3722 5.01901140684408 14.0272645878314
4774 4.18939393939403 14.0287826162188
1521 4.56226415094355 14.0302949053547
13417 1.76315789473683 14.0318014984729
142 2.98876404494377 14.0333024383204
9448 3.83208955223885 14.0347977671646
257 5.4535315985129 14.036287526801
8098 1.54814814814815 14.0377717585596
1150 0.011070110701107 14.0392505033121
8096 1.54779411764705 14.0407238014787
9438 2.76190476190475 14.0421916930342
2318 5.45255474452569 14.0436542175155
790 1.34181818181819 14.0451114140269
784 1.34057971014493 14.0465633212471
789 1.34296028880868 14.0480099774352
9434 2.76258992805754 14.0494514204365
11351 0.508960573476701 14.0508876876888
9668 4.01785714285713 14.052318816228
11355 0.508896797153024 14.0537448426938
11354 0.510638297872341 14.0551658033355
2000 3.0671378091873 14.0565817340176
788 1.34154929577466 14.0579926702247
1861 2.42105263157895 14.0593986470677
9323 4.56293706293696 14.0607996992882
787 1.34146341463414 14.0621958612641
446 0.979166666666664 14.0635871670146
4444 5.02076124567462 14.0649736502052
1914 5.67241379310331 14.0663553441525
2441 5.82474226804122 14.0677322818289
14153 3.63356164383555 14.0691044958676
785 1.34129692832766 14.0704720185671
7711 3.5340136054422 14.0718348818957
7710 3.53220338983056 14.0731931174962
13631 1.76013513513512 14.0745467566899
1549 5.6734006734008 14.0758958304813
1368 1.69463087248324 14.0772403695624
13627 1.76254180602007 14.0785804043165
6213 5.35999999999992 14.0799159648227
3367 4.86378737541537 14.0812470808598
8099 1.54635761589403 14.0825737819102
1329 1.04950495049505 14.083896097164
1313 4.11184210526324 14.0852140555227
910 2.59344262295079 14.0865276856032
5924 5.21241830065358 14.0878370157412
3636 0.618892508143323 14.0891420739951
6019 2.31818181818183 14.0904428881497
6020 2.32038834951457 14.0917394857194
7818 4.86451612903227 14.0930318939519
5055 4.47588424437306 14.094320139832
748 0.618589743589742 14.0956042500841
2567 0.447284345047922 14.0968842511763
10983 2.64331210191088 14.0981601693236
13921 2.02222222222222 14.0994320304905
10984 2.64556962025318 14.100699860395
2953 3.35015772870661 14.1019636845112
2114 6.27987421383636 14.1032235280723
9278 0.448275862068966 14.1044794160742
7562 4.01874999999991 14.1057313732778
909 2.59501557632393 14.1069794242123
814 4.11180124223597 14.108223593178
2442 5.82352941176477 14.1094639042493
4367 0.802469135802472 14.1107003812772
4365 0.803076923076925 14.1119330478922
4368 0.803680981595089 14.1131619275069
125 4.22018348623844 14.1143870433192
4243 5.21341463414619 14.1156084183139
3568 0.17629179331307 14.1168260752664
5555 0.930303030303034 14.1180400367445
3771 5.10574018126899 14.1192503251111
2116 6.28012048192744 14.1204569625269
10986 0.447447447447446 14.1216599709524
10982 2.64670658682633 14.1228593721509
2115 6.28059701492521 14.1240551876903
9685 4.73809523809543 14.1252474389455
3777 5.08902077151357 14.1264361471012
815 4.11242603550302 14.1276213331535
10407 3.92625368731557 14.1288030179124
4370 0.802941176470586 14.1299812220043
8177 3.47214076246334 14.1311559658737
13897 3.47076023391819 14.1323272697853
123 3.8804664723033 14.1334951538266
1356 0.177325581395349 14.1346596379096
9321 2.67826086956519 14.1358207417728
7561 4.01734104046235 14.1369784849833
2568 0.449567723342939 14.138132886939
5398 0.195402298850575 14.13928396687
3551 0.194842406876791 14.1404317438412
3776 5.08857142857124 14.1415762367536
4479 5.93162393162403 14.1427174643466
36 1.62784090909092 14.1438554451995
1439 4.34277620396612 14.1449901977336
11533 5.93220338983068 14.1461217402138
2050 2.07323943661972 14.1472500907504
804 5.93258426966271 14.1483752673011
6484 2.89635854341736 14.1494972876721
6479 2.89664804469276 14.1506161695205
2952 3.35097493036208 14.1517319303556
3634 0.616666666666665 14.1528445875403
11749 4.92243767313024 14.1539541582934
11746 4.92265193370166 14.1550606596906
5642 5.82369146005496 14.1561641086662
14160 3.64560439560438 14.157264522015
2047 2.07397260273976 14.1583619163933
2954 3.35245901639346 14.1594563083208
715 4.67302452316078 14.1605477141821
2051 2.07336956521741 14.1616361502278
7500 2.22493224932245 14.1627216325765
13896 3.47297297297306 14.1638041772156
11748 4.92183288409719 14.1648838000032
4096 5.94892473118312 14.1659605166695
1819 3.35120643431624 14.1670343428178
3772 5.10962566844914 14.1681052939261
4095 5.94933333333321 14.1691733853484
592 5.94946808510631 14.1702386323162
7000 6.10344827586195 14.1713010499395
5386 2.54232804232805 14.1723606532081
9686 4.7387862796834 14.1734174569932
5640 5.82368421052613 14.1744714760484
5556 0.931758530183722 14.1755227250109
5643 5.82198952879565 14.1765712184029
10409 3.9268929503917 14.1776169706325
6481 2.89843749999997 14.1786599959953
3677 3.92727272727277 14.1797003086754
3775 5.09067357512955 14.1807379227462
2669 2.11627906976746 14.1817728521722
6771 4.34278350515462 14.1828051108096
11750 4.92287917737793 14.1838347124076
6480 2.89743589743589 14.1848616706097
11747 4.92327365728907 14.1858859989544
6482 2.89795918367345 14.1869077108764
6022 2.31806615776079 14.187926819708
3635 0.614213197969542 14.1889433386794
4366 0.802531645569624 14.1899572809207
2048 2.07070707070709 14.1909686594621
294 5.49622166246834 14.1919774872351
5397 0.193467336683417 14.192983777074
5388 2.5413533834586 14.1939875417162
4093 5.95000000000023 14.1949887938035
4094 5.95012468827921 14.1959875458829
5396 0.194029850746268 14.1969838104079
2052 2.07196029776672 14.1979775997389
5389 2.54207920792075 14.1989689261447
1087 0.338271604938272 14.1999578018029
6021 2.32019704433501 14.200944238801
47 1.01228501228501 14.2019282491373
1086 0.338235294117646 14.2029098447219
4369 0.801955990220045 14.2038890373774
1090 0.336585365853659 14.2048658388396
9320 2.67639902676406 14.2058402607588
5399 0.191747572815534 14.2068123147001
6018 2.31961259079902 14.2077820121447
2016 2.66425120772948 14.2087493644904
808 2.31807228915663 14.2097143830525
6483 2.89663461538469 14.2106770790648
2965 4.47721822541964 14.2116374636798
6088 4.47846889952162 14.2125955479702
6772 4.34128878281615 14.2135513429291
6998 6.10476190476188 14.2145048594712
1089 0.337292161520191 14.2154561084332
1088 0.336492890995261 14.2164051005747
1302 6.18912529550802 14.2173518465788
2955 3.35141509433955 14.218296357053
4478 4.73882352941175 14.21923864253
11751 4.92253521126766 14.220178713468
1649 0.583138173302108 14.2211165802517
6606 4.47663551401857 14.222052253193
3569 0.172494172494173 14.2229857425315
4114 0.244186046511627 14.2239170584353
4583 2.54060324825988 14.2248462110018
291 5.4976851851853 14.2257732102579
10408 3.92609699769044 14.2266980661613
5387 2.54147465437784 14.2276207886004
1688 5.26206896551712 14.2285413873957
885 3.9678899082568 14.2294598722999
295 5.49656750572102 14.2303762529985
8814 5.25114155251132 14.2312905391108
3762 5.12072892938486 14.2322027401903
1161 0.245454545454545 14.2331128657252
4202 5.26757369614525 14.234020925139
3333 1.04524886877828 14.2349269277913
3335 1.0451467268623 14.2358308829783
7288 0.6036036036036 14.2367327999331
6551 5.91685393258408 14.2376326878268
10760 5.30493273542588 14.2385305557683
13520 0.854586129753918 14.2394264128057
1204 4.60491071428574 14.2403202679263
5240 4.15144766146987 14.2412121300572
2209 4.15111111111101 14.242102008066
10763 5.30376940133041 14.2429899107613
13942 0.853982300884948 14.2438758468932
1491 5.25165562913902 14.2447598251535
3334 1.04405286343613 14.2456418541768
10885 4.43076923076922 14.2465219425406
8879 4.07017543859657 14.247400098766
660 1.40262582056892 14.2482763313179
5452 5.41484716157194 14.2491506486059
10602 4.73856209150326 14.2500230589845
5449 5.41521739130419 14.2508935707535
14327 1.46637744034706 14.2517621921589
4501 1.80519480519483 14.252628931393
80 1.03023758099352 14.2534937965948
5038 1.80387931034485 14.2543567958508
1946 6.26451612903193 14.2552179371952
626 0.0665236051502146 14.2560772286105
13936 4.82012847965725 14.2569346780278
7287 0.604700854700853 14.2577902933273
2717 0.462686567164179 14.2586440823388
12648 5.63404255319126 14.2594960528419
13904 3.47133757961799 14.2603462125668
1689 4.52330508474594 14.2611945691945
2197 6.01057082452438 14.262041130357
269 1.46624472573841 14.2628859036383
12960 4.67368421052648 14.2637288965741
652 0.138655462184874 14.2645701166528
2057 1.46540880503144 14.2654095713156
2079 0.102510460251046 14.2662472679568
279 0.102296450939457 14.2670832139246
3935 1.8041666666667 14.267917416521
9289 1.49896049896047 14.2687498830026
2607 5.85684647302903 14.2695806205805
14058 2.72670807453413 14.2704096364213
14059 2.72727272727269 14.2712369376469
5450 5.4144329896907 14.2720625313353
5241 4.15226337448574 14.2728864245205
14231 5.45379876796746 14.2737086241933
1205 4.60450819672141 14.2745291373015
10940 2.94274028629851 14.2753479707502
7309 5.26734693877549 14.2761651314021
2350 1.72708757637472 14.2769806260781
2169 0.544715447154471 14.2777944615572
3446 0.0304259634888438 14.2786066445773
434 0.0303643724696356 14.2794171818354
14056 2.72727272727266 14.2802260799877
14060 2.72580645161287 14.2810333456502
5039 1.80482897384302 14.2818389853989
10574 3.41566265060245 14.2826430057701
3929 3.42484969939882 14.2834454132609
14294 2.48599999999995 14.2842462143291
4375 4.68862275449098 14.2850454153942
4773 4.19322709163351 14.2858430228369
3779 4.68787276341949 14.2866390430002
3567 0.172619047619047 14.2874334821888
10575 3.40990099009901 14.2882263466704
259 5.44268774703593 14.2890176426752
635 3.17751479289929 14.2898073763967
13903 3.47244094488188 14.2905955539917
293 5.49705304518663 14.2913821815805
10884 4.43137254901959 14.2921672652476
5246 2.27005870841482 14.2929508110417
1784 2.115234375 14.2937328249761
5239 4.15204678362583 14.2945133130286
3617 0.686770428015562 14.2952922811423
6782 0.996116504854361 14.2960697352258
5245 2.26937984496124 14.2968456811529
3039 1.69245647969051 14.2976201247636
1709 0.685328185328184 14.2983930718641
3427 0.102119460500963 14.2991645282266
271 4.43076923076931 14.2999344995904
8883 4.07101727447203 14.3007029916616
3545 0.655172413793106 14.3014700101133
8882 4.07074569789672 14.3022355605862
1173 2.45419847328245 14.3029996486887
489 0.102857142857143 14.3037622799969
9293 1.4980988593156 14.3045234600553
9292 1.49905123339661 14.3052831943768
3927 3.42613636363645 14.3060414884428
14295 2.48771266540639 14.3067983477036
435 5.63396226415121 14.3075537775787
573 0.274952919020716 14.308307783457
1751 1.59774436090223 14.3090603706969
4319 5.76360225140725 14.3098115446266
716 4.60486891385748 14.3105613105443
2013 2.79626168224302 14.3113096737187
2604 5.85634328358174 14.3120566393886
3911 0.461824953445065 14.3128022127638
3443 0.0297397769516729 14.313546399025
3909 0.460111317254172 14.3142892033239
3445 0.0296296296296296 14.3150306307836
4318 5.76340110905692 14.3157706864989
3098 5.70848708487102 14.3165093755361
1436 4.34254143646428 14.3172467029338
13301 4.67095588235315 14.3179826737026
2605 5.85688073394479 14.3187172928256
3829 1.01282051282051 14.3194505652582
2168 0.544789762340037 14.320182495929
3096 5.70802919708008 14.3209130897395
11775 0.93078324225866 14.3216423515641
11776 0.930909090909096 14.3223702862509
7003 1.8729582577132 14.3230968986214
2639 3.65942028985492 14.3238221934711
3720 5.01989150090414 14.3245461755692
2322 5.46389891696758 14.3252688496592
4086 2.25945945945944 14.3259902204588
10507 4.25539568345349 14.3267102926605
3619 0.687612208258525 14.3274290709312
555 2.02150537634412 14.3281465599128
4874 5.05008944543832 14.3288627642223
3038 1.69285714285714 14.3295776884519
1743 1.62923351158644 14.3302913371693
10762 5.3042704626335 14.3310037149177
10761 5.30373001776222 14.3317148262161
2319 5.46276595744674 14.3324246755595
5448 5.41415929203564 14.3331332674188
8795 0.586572438162547 14.3338406062415
7006 1.87301587301583 14.3345466964514
7005 1.87323943661976 14.3352515424487
7113 4.48857644991232 14.3359551486108
5451 5.41403508771924 14.3366575192917
4377 4.6865148861648 14.3373586588227
1308 4.48776223776207 14.3380585715122
2200 6.01047120418843 14.3387572616462
2199 6.01045296167275 14.3394547334881
1746 1.62956521739133 14.3401509912792
1747 1.63020833333336 14.3408460392386
3544 0.655112651646445 14.3415398815635
1785 2.11591695501726 14.3422325224292
5244 2.272884283247 14.3429239659895
1867 1.00344827586205 14.3436142163764
2608 5.85714285714261 14.344303277701
2606 5.85738831615118 14.3449911540528
13959 2.02229845626068 14.3456778495005
5498 2.02226027397256 14.3463633680915
152 4.38803418803417 14.347047713853
5752 0.244027303754266 14.3477308907911
7159 4.34241908006802 14.3484129028915
7352 1.00510204081631 14.3490937541197
1863 1.00509337860782 14.3497734484209
8428 2.35932203389836 14.3504519897202
1367 1.69204737732655 14.3511293819227
2770 3.13513513513506 14.3518056289139
8881 4.07082630691419 14.3524807345593
4978 2.27272727272732 14.3531547027053
12647 5.63361344537813 14.3538275371785
8880 4.0704697986575 14.3544992417864
432 5.63316582914581 14.3551698203173
2725 4.4882943143815 14.3558392765405
9502 4.60601001669463 14.3565076142064
1203 4.60499999999991 14.3571748370467
10447 1.7287853577371 14.3578409487743
13938 4.82059800664444 14.3585059530838
4422 5.49751243781115 14.3591698536511
8067 5.01986754966875 14.3598326541342
798 4.96859504132218 14.3604943581726
4376 4.68646864686449 14.361154969388
14057 2.7265238879737 14.3618144913841
5040 1.80427631578951 14.3624729277467
797 4.87356321839091 14.3631302820442
10601 4.73934426229503 14.3637865578272
3761 5.1178396072012 14.3644417586289
9359 0.0147058823529412 14.3650958879652
1865 1.00489396411094 14.3657489493347
9358 0.0146579804560261 14.3664009462191
8114 5.21300813008138 14.3670518820829
8113 5.21266233766194 14.3677017603737
2335 4.82009724473247 14.3683505845224
13939 4.8203883495144 14.3689983579433
3546 0.655896607431338 14.3696450840341
3547 0.654838709677414 14.3702907661759
12646 5.63446054750405 14.3709354077336
7504 6.19614147910001 14.3715790120559
8317 0.138041733547352 14.3722215824752
2210 4.15224358974383 14.372863122308
4317 5.76159999999963 14.3735036348548
3548 0.654952076677315 14.3741431234003
11777 0.931419457735257 14.3747815912134
774 2.48726114649682 14.3754190415475
2167 0.543720190779015 14.3760554776404
718 1.07777777777777 14.3766909027145
3721 5.01901743264647 14.3773253199767
2771 3.13449367088593 14.377958732619
7891 3.10268562401273 14.3785911438179
5003 0.181388012618296 14.3792225567351
7004 1.87401574803153 14.3798529745173
2170 0.544025157232706 14.3804824002963
2166 0.544740973312405 14.3811108371891
10764 5.30407523510957 14.3817382882982
10576 3.41314553990595 14.3823647567113
3910 0.459375000000002 14.3829902455017
848 5.18252730109194 14.3836147577285
9291 1.49844236760121 14.3842382964362
473 4.11197511664089 14.3848608646553
3095 5.70807453416189 14.385482465402
14326 1.46511627906974 14.3861031016786
7781 5.25386996903995 14.3867227764733
8316 0.137557959814528 14.3873414927606
795 1.72839506172835 14.3879592535012
10886 4.43143297380582 14.3885760616419
8318 0.138461538461539 14.3891919201161
9833 4.43164362519186 14.3898068318437
397 2.68711656441719 14.3904207997309
10448 1.72741194486979 14.3910338266708
3097 5.70795107033624 14.3916459155431
604 5.21374045801545 14.3922570692144
13960 2.02134146341458 14.3928672905379
9290 1.49771689497721 14.3934765823541
10506 4.2568389057751 14.3940849474904
3618 0.685887708649468 14.3946923887613
5753 0.243939393939395 14.3952989089684
8427 2.36006051437218 14.3959045109009
256 1.72809667673719 14.3965091973351
8319 0.138763197586727 14.3971129710346
8429 2.35993975903612 14.3977158347508
3926 3.42406015037588 14.3983177912226
10487 3.31981981981969 14.3989188431764
13937 4.82008995502261 14.3995189933265
493 4.10479041916164 14.4001182443749
3099 5.70702541106152 14.4007165990115
1196 3.52238805970137 14.4013140599143
2201 6.01043219076033 14.4019106297489
10488 3.31994047619064 14.4025063111695
13250 2.79643387815749 14.4031011068181
2408 0.854599406528188 14.4036950193252
2198 6.01037037037017 14.4042880513093
14044 1.39201183431953 14.4048802053774
14251 0.983751846381089 14.4054714841252
1344 4.03097345132765 14.4060618901364
13898 3.48011782032399 14.4066514259837
4930 5.79117647058876 14.4072400942283
515 5.79148311306903 14.4078278974201
4393 5.37243401759572 14.4084148380976
423 2.11566617862367 14.4090009187886
485 6.24707602339197 14.4095861420093
483 6.24671532846688 14.4101705102651
3607 4.2653061224491 14.4107540260506
946 3.38136826783102 14.4113366918492
2297 1.43459302325578 14.4119185101336
2109 1.40493468795354 14.4124994833657
5401 3.70144927536217 14.4130796139968
2871 2.59479015918964 14.4136589044673
12353 3.01589595375731 14.4142373572073
7015 0.391053391053393 14.4148149746362
851 0.364553314121039 14.415391759163
852 0.365467625899283 14.4159677131862
6812 1.99568965517237 14.416542839094
1045 1.65710186513633 14.4171171392645
3360 5.92263610315164 14.4176906160652
6810 1.99570815450639 14.4182632718538
6811 1.99571428571423 14.4188351089776
12061 0.713266761768901 14.4194061297741
7280 0.713675213675215 14.4199763365706
3977 5.52204836415353 14.4205457316845
5720 1.31392045454548 14.4211143174235
5718 1.31347517730494 14.4216820960852
8834 1.07790368271954 14.4222490699576
6698 2.51343705799146 14.4228152413189
6644 5.34745762711885 14.4233806124377
4 0.417489421720733 14.4239451855731
6642 5.34788732394418 14.4245089629744
6061 2.40225035161748 14.4250719468816
3 0.417134831460672 14.425634139525
260 6.21037868162638 14.426195543126
6278 5.52240896358542 14.4267561598961
5977 4.71328671328684 14.4273159920379
5976 4.7136871508378 14.4278750417445
128 1.82845188284521 14.4284333112001
131 1.82869080779942 14.4289908025795
8256 1.36856745479832 14.4295475180487
637 3.17083333333351 14.4301034597643
12785 2.61858529819695 14.4306586298742
9541 4.62880886426596 14.4312130305174
13918 2.61825726141078 14.4317666638238
9441 6.10359116022062 14.4323195319145
7158 1.07862068965519 14.4328716369021
11504 4.99449035812659 14.4334229808902
1114 0.218707015130673 14.4339735659737
9098 0.218406593406593 14.4345233942389
10314 0.48422496570645 14.4350724677637
10315 0.483561643835615 14.4356207886172
8231 4.39534883720916 14.4361683588602
7314 3.91803278688504 14.4367151805448
7313 3.91814461118668 14.4372612557149
7481 4.20027247956391 14.4378065864061
120 0.907482993197269 14.4383511746454
9895 2.57065217391296 14.4388950224518
9893 2.56987788331084 14.439438131836
1969 2.20325203252027 14.4399805048004
8767 0.907983761840315 14.4405221433395
2146 1.28243243243244 14.4410630494395
2145 1.28205128205127 14.4416032250787
13913 2.96630727762814 14.4421426722272
2906 3.38088829071318 14.4426813928474
2907 3.38172043010772 14.4432193888935
13137 1.39328859060401 14.4437566623121
1714 1.39276139410184 14.4442932150418
13155 2.04417670682733 14.4448290490134
854 0.364973262032087 14.44536416615
13932 5.05073431241626 14.4458985683671
13931 5.05066666666638 14.4464322575724
8200 2.873501997337 14.4469652356659
8202 2.87367021276592 14.4474975045402
3783 2.13811420982736 14.4480290660802
1874 4.96816976127327 14.4485599221634
13154 2.04503311258284 14.4490900746599
6308 4.00925925925907 14.4496195254321
7827 3.9881109643331 14.4501482763352
9542 4.6279683377312 14.4506763292172
6307 4.00922266139637 14.4512036859185
6211 2.06315789473678 14.4517303482724
13997 5.32588699080198 14.4522563181049
4838 5.32545931758517 14.4527815972349
9539 4.62778505897759 14.453306187474
3925 5.61256544502628 14.4538300906269
2148 1.28235294117647 14.4543533084909
8253 1.36945169712794 14.4548758428565
2940 1.99608865710566 14.4553976955072
1 0.417968749999998 14.4559188682193
9505 4.33550065019527 14.4564393627625
2 0.416883116883117 14.4569591808994
216 5.325551232166 14.4574783243856
6833 3.43264248704664 14.4579967949702
1877 2.2962483829237 14.4585145943952
3509 3.43281653746782 14.4590317243961
6700 2.5135483870968 14.4595481867016
6643 5.34922680412416 14.4600639830335
6699 2.51351351351343 14.4605791151073
11393 0.780205655526987 14.4610935846316
6834 3.43260590500659 14.4616073933086
3424 3.58205128205127 14.4621205428337
10486 5.39308578745219 14.4626330348961
10484 5.39386189258358 14.4631448711784
7828 3.98850574712665 14.4636560533566
7826 3.98852040816347 14.4641665831004
2543 2.42547770700644 14.4646764620732
2102 4.89949109414803 14.4651856919319
1475 4.04955527318909 14.4656942743272
911 2.5875634517767 14.4662022109034
6580 4.78073510773119 14.4667095032986
9298 0.989873417721524 14.4672161531447
3344 1.41087231352718 14.4677221620673
5979 4.71338383838395 14.468227531686
9442 6.10466582597747 14.4687322636142
912 2.58816120906793 14.4692363594591
373 3.86037735849089 14.469739820822
12355 3.01633165829141 14.470242649298
1000 3.01631116687588 14.4707448464763
1601 4.45112781954894 14.4712464139402
11763 4.45181476846029 14.4717473532668
1289 2.37375000000002 14.4722476660274
6376 2.09612983770286 14.4727473537876
5124 2.1234413965087 14.4732464181069
6701 2.51307596513077 14.473744860539
13153 2.04477611940302 14.4742426826318
1813 3.94906832298109 14.4747398859277
7839 3.70223325062048 14.4752364719629
3976 5.52168525402734 14.4757324422682
3975 5.52227722772292 14.4762277983687
139 2.9901112484548 14.4767225417837
684 6.18395061728434 14.4772166740269
11762 4.45129469790357 14.4777101966064
4810 0.990147783251247 14.4782031110249
10316 0.48462484624846 14.4786954187794
13231 4.36363636363631 14.4791871213613
5899 4.75950920245424 14.4796782202566
1900 2.15931372549022 14.4801687169459
1902 2.15911872705019 14.4806586129043
2683 4.75916870415648 14.4811479096014
14366 5.18315018315017 14.4816366085015
10271 4.00975609756061 14.4821247110636
14365 5.18270401948854 14.4826122187412
13232 4.36374695863764 14.4830991329827
3345 1.41069258809237 14.4835854552311
13535 2.34101941747569 14.484071186924
12555 2.34060606060601 14.4845563294941
9227 3.45036319612598 14.4850408843686
3114 3.45102781136626 14.4855248529697
8891 2.55072463768107 14.4860082367144
3343 1.41133896260555 14.4864910370144
1051 5.18313253012067 14.4869732552765
13775 3.9001203369433 14.4874548929024
484 6.24639423076952 14.4879359512887
12786 2.61824729891951 14.488416431827
11479 0.713429256594721 14.4888963359038
4252 4.94371257484987 14.4893756649006
4250 4.94377990430634 14.4898544201941
638 3.17204301075279 14.490332603156
168 4.38544152744635 14.4908102151531
7136 4.19308700834356 14.4912872575471
2275 1.59880952380952 14.4917637316952
8255 1.36860879904878 14.4922396389494
12354 3.01543942992875 14.4927149806572
130 1.82918149466199 14.493189758161
1812 3.94905213270154 14.4936639727986
4651 4.52426035502965 14.4941376259031
853 0.365248226950355 14.4946107188027
1810 3.94923258559644 14.4950832528211
9041 2.20283018867919 14.495555229277
13251 2.79623085983512 14.4960266494848
3793 5.1647058823525 14.496497514754
12536 0.975323149236177 14.4969678263896
8254 1.36854460093894 14.497437585692
1970 2.20281359906216 14.4979067939569
4392 5.37002341920398 14.4983754524757
2475 6.15321637426855 14.498843562535
9540 4.62850467289705 14.499311125417
557 0.0711785297549591 14.4997781423994
2311 3.89976689976659 14.5002446147554
7482 4.19906868451647 14.500710543754
3733 0.0616279069767441 14.5011759306593
14037 3.90011614401892 14.5016407767313
5898 4.75986078886286 14.5021050832257
6997 6.11008111239845 14.5025688513936
2684 4.75925925925938 14.5030320824819
13916 2.96531791907526 14.503494777733
482 6.22286374133918 14.5039569383852
6210 2.06343713956168 14.5044185656725
6581 4.78110599078329 14.5048796608244
6578 4.78135788262404 14.5053402250664
339 0.951724137931024 14.5058002596197
44 5.79104477611976 14.5062597657013
13843 2.13990825688072 14.5067187445238
13844 2.13974799541809 14.5071771972961
13915 2.96567505720835 14.5076351252225
7829 3.98857142857173 14.5080925295033
6209 2.06392694063931 14.5085494113348
4650 4.52337514253141 14.5090057719091
4652 4.52391799544404 14.5094616124143
3453 1.68373151308304 14.5099169340343
12556 2.3409090909091 14.5103717379492
12557 2.34052213393876 14.5108260253347
396 2.41043083900229 14.511279797363
9228 3.45073612684042 14.5117330552018
9229 3.45022624434388 14.5121858000153
14000 1.70169491525425 14.5126380329634
14002 1.70090293453729 14.5130897552023
14467 2.13979706877122 14.5135409678841
7177 3.19256756756767 14.5139916721571
2046 5.92238470191212 14.5144418691658
4296 0.610112359550564 14.5148915600507
4087 2.26262626262633 14.5153407459486
1067 0.391255605381167 14.5157894279923
2815 6.04479283314643 14.5162376073109
4251 4.94407158836658 14.5166852850297
10147 4.73296089385441 14.5171324622702
6797 4.24888392857167 14.5175791401502
10483 5.39353400222993 14.5180253197838
14036 3.89977728285072 14.5184710022811
1315 1.65739710789765 14.5189161887489
215 5.32555555555601 14.51936088029
11503 4.99556048834634 14.5198050780036
4394 5.37028824833675 14.5202487829853
4253 4.94352159468448 14.5206919963271
1290 2.37278761061944 14.5211347191171
1811 3.9491712707179 14.5215769524402
6138 4.9955849889623 14.5220186973774
730 3.96912899669213 14.5224599550063
497 6.21035242290725 14.5229007264008
14047 0.823982398239812 14.5233410126312
14048 0.824175824175822 14.5237808147646
1465 2.49396267837551 14.5242201338642
2908 3.3815789473685 14.52465897099
13233 4.36363636363615 14.5250973271982
513 0.398249452954047 14.5255352035419
9862 4.78797814207646 14.5259726010705
9864 4.78820960698712 14.5264095208299
5978 4.71319520174505 14.5268459638628
9863 4.78758169934638 14.5272819312085
13911 2.91838955386283 14.5277174239025
12631 2.91847826086948 14.5281524429775
1116 6.20955483170377 14.5285869894624
13230 4.36334056399125 14.5290210643829
11505 4.99458288190645 14.5294546687614
12787 2.61904761904767 14.5298878036169
1879 2.29621621621619 14.5303204699652
10293 0.589632829373649 14.5307526688187
1814 3.70226537216801 14.5311844011866
1805 3.70150862068938 14.5316156680747
10485 5.39289558665164 14.5320464704858
4445 5.02580645161258 14.5324768094192
14046 0.823845327604717 14.5329066858711
3766 5.09871244635157 14.5333361008345
7614 4.29581993569137 14.5337650552992
2670 2.91862955032103 14.5341935502518
108 5.79144385026702 14.5346215866757
1899 2.1602564102564 14.5350491655513
2476 6.15261472785551 14.5354762878556
13156 2.04371002132203 14.5359029545627
13924 2.94142705005317 14.5363291666436
14001 1.70106382978726 14.5367549250659
9256 0.388947927736451 14.5371802307944
3184 3.52441613588105 14.5376050847908
644 6.08377518557733 14.5380294880136
421 6.170550847457 14.5384534414185
985 5.87619047619016 14.5388769459578
543 6.18498942917496 14.539300002581
643 6.08447729672694 14.5397226122347
13925 2.94198312236296 14.5401447758623
551 2.41517386722872 14.5405664944042
6674 2.41473684210535 14.5409877687981
14049 0.824395373291268 14.5414085999784
4575 3.31932773109243 14.5418289888768
7675 6.14165792234968 14.5422489364219
13943 4.02515723270428 14.5426684435396
1017 4.85759162303632 14.5430875111525
1543 1.59832635983262 14.5435061401808
140 2.98955067920578 14.5439243315414
141 2.98956158663881 14.5443420861486
5719 1.31386861313872 14.5447594049136
5721 1.31354166666667 14.545176288745
2226 4.58584807492205 14.5455927385484
9896 2.56964656964651 14.5460087552265
9894 2.57009345794386 14.5464243396795
338 0.951244813278005 14.5468394928045
2296 1.4352331606218 14.5472542154959
129 1.82815734989642 14.5476685086453
11395 0.779731127197519 14.5480823731416
2502 2.39256198347111 14.5484958098709
10313 0.484004127966974 14.5489088197166
6435 0.274226804123711 14.5493214035592
1316 1.65705458290416 14.5497335622768
96 1.65740740740745 14.5501452967444
8232 4.39362795477903 14.5505566078347
2816 6.04517453798815 14.5509674964173
691 2.3876923076923 14.5513779633594
6999 6.10963114754149 14.5517880095255
645 6.08393039918063 14.5521976357774
608 6.04498977505074 14.5526068429742
13914 2.96527068437188 14.5530156319725
2516 5.57142857142892 14.5534240036261
2396 4.38939857288462 14.5538319587864
298 2.26272912423624 14.554239498302
4297 0.609359104781285 14.5546466230191
13930 5.05081300812992 14.5550533337812
506 3.60913705583737 14.5554596314291
642 6.08417849898509 14.5558655168013
12535 0.975683890577489 14.5562709907337
11764 4.45141700404854 14.5566760540594
4248 0.906976744186035 14.5570807076093
2870 2.59696969696967 14.5574849522117
8766 0.907164480322885 14.5578887886923
11394 0.77923387096774 14.5582922178742
11396 0.779456193353476 14.5586952405783
2101 4.9004024144869 14.5590978576229
1873 4.968844221105 14.5595000698237
1880 2.29618473895585 14.5599018779941
10877 2.41524573721155 14.560303282945
1878 2.29559118236471 14.5607042854848
1122 2.42442442442453 14.5611048864197
7674 6.14200000000039 14.5615050865531
99 6.14185814185853 14.5619048866863
9734 2.49301397205589 14.5623042876182
2229 1.0777666999003 14.562703290145
4446 5.02589641434284 14.5631018950609
1654 1.43482587064673 14.5635001031575
11535 3.320079522863 14.5638979152241
9040 2.20357497517381 14.5642953320477
2735 0.396825396825396 14.5646923544128
3582 0.397423191278495 14.5650889831017
2298 1.43564356435644 14.5654852188944
8201 2.87339268051453 14.5658810625684
2103 4.90019762845891 14.5662765148992
13249 2.79565646594278 14.5666715766597
9097 0.217948717948719 14.5670662486207
8199 2.87389162561567 14.5674605315506
13912 2.91830708661438 14.5678544262156
9096 0.218289085545723 14.5682479333797
2110 1.40275049115917 14.5686410538044
207 1.01766437684006 14.5690337882493
2100 4.89999999999998 14.5694261374716
12060 0.713026444662102 14.5698181022261
5700 4.85812133072394 14.5702096832657
2032 1.51808406647116 14.5706008813409
2354 4.412109375 14.5709916972
1238 4.83902439024391 14.5713821315893
1570 5.23294346978572 14.5717721852525
342 0.562804284323267 14.5721618589317
3270 1.78599221789883 14.5725511533663
3331 0.563654033041785 14.5729400692939
3330 0.563106796116503 14.5733286074497
4100 4.13288069835086 14.573716768567
8851 3.49612403100741 14.5741045533769
7586 2.22555663117131 14.5744919626081
8850 3.49613152804666 14.5748789969876
6407 1.70628019323677 14.57526565724
3311 5.44691119691175 14.575651944088
3497 5.2854387656704 14.5760378582521
3498 5.28516377649357 14.5764234004506
14163 4.31953801732418 14.5768085713999
292 5.5028846153854 14.5771933718144
13962 4.17002881844364 14.5775778024062
4028 2.24280230326287 14.5779618638856
2356 4.41227229146698 14.5783455569606
14482 5.06800766283553 14.5787288823373
14481 5.06794258373268 14.5791118407198
6265 1.0095602294455 14.5794944328102
6064 2.1212989493791 14.5798766593085
3907 0.951335877862611 14.5802585209127
5052 4.08865586272632 14.5806400183188
13574 1.58095238095241 14.5810211522209
3692 4.50618458610863 14.581401923311
464 0.109315589353612 14.5817823322793
5045 0.842355175688521 14.5821623798138
625 0.0692599620493358 14.5825420666008
2503 0.842654028436026 14.5829213933243
11703 1.55681818181822 14.5833003606667
866 5.99243140964979 14.5836789693084
4472 5.9924385633265 14.5840572199276
8272 4.38054768649699 14.5844351132008
10876 2.70849056603786 14.5848126498027
3286 6.1253534401514 14.5851898304059
4703 4.54048964218444 14.585566655681
2964 0.95578551269989 14.585943126297
2417 0.638157894736835 14.5863192429209
8892 2.54929577464791 14.5866950062177
5194 5.87617260787953 14.5870704168506
3183 5.57169634489258 14.587445475481
1823 5.65168539325814 14.5878201827683
5348 0.291861552853133 14.5881945393703
5249 2.81308411214937 14.5885685459426
1854 3.18020541549952 14.5889422031394
4704 4.54011194029823 14.5893155116126
7179 3.12767940354136 14.5896884720125
8370 6.0279329608943 14.5900610849878
13378 4.0502325581399 14.590433351185
1986 4.80297397769543 14.5908052712489
599 0.0473537604456825 14.5911768458228
3739 0.154916512059369 14.5915480755478
886 3.96848934198316 14.5919189610635
8371 6.02777777777718 14.5922895030076
2854 0.155411655874191 14.5926597020159
6408 1.70609981515705 14.5930295587228
2368 3.97322253000967 14.5933990737607
477 4.50645756457601 14.5937682477601
11110 5.56313364055224 14.5941370813501
11111 5.56353591160175 14.5945055751578
976 6.25574977000969 14.5948737298087
977 6.25551470588268 14.5952415459266
478 4.50596877869589 14.5956090241334
1719 0.237614678899083 14.5959761650495
2355 4.41246562786435 14.5963429692935
5143 1.09432234432234 14.5967094374822
754 5.72461116193965 14.5970755702309
12551 4.58592321754997 14.597441368153
10640 5.578082191781 14.5978068318605
10639 5.57846715328402 14.5981719619634
3786 2.69097538742012 14.5985367590703
1720 0.237704918032786 14.598901223788
5963 5.47952684258433 14.5992653567217
7320 3.30454545454559 14.5996291584748
1288 1.98001816530418 14.5999926296493
2841 0.155172413793104 14.6003557708454
7321 3.30462375340002 14.6007185826617
1953 0.291666666666668 14.6010810656951
8423 0.291402714932126 14.601443220541
2333 4.97377938517214 14.6018050477932
1762 0.0849141824751581 14.6021665480437
9906 2.22472924187729 14.6025277218831
436 1.84400360685311 14.6028885699004
3422 3.58198198198234 14.6032490926828
6612 1.56165616561652 14.6036092908161
3734 0.0629496402877699 14.6039691648845
1033 2.38814016172493 14.6043287154705
3188 0.0475763016157989 14.6046879431551
1186 0.0475336322869956 14.6050468485179
3794 5.16487455197157 14.6054054321368
9525 5.99283795881793 14.6057636945879
5816 1.58050089445433 14.6061216364463
2265 1.58087578194814 14.606479258285
14151 3.81696428571417 14.6068365606759
5962 5.47903657448746 14.6071935441891
5961 5.47950089126597 14.6075502093933
4024 5.53784505788032 14.6079065568556
5251 2.81316725978652 14.6082625871417
12500 5.35288888888848 14.6086183008157
14105 0.122557726465364 14.6089736984401
5250 2.8127772848271 14.6093287805762
7501 2.21985815602834 14.6096835477835
1251 3.16474756421635 14.6100380006201
5144 1.09380530973449 14.6103921396428
2066 2.43943412908916 14.6107459654067
2501 2.39487632508836 14.6110994784655
14325 2.946160635481 14.6114526793715
6600 1.01322751322749 14.6118055686753
3525 4.87841409691643 14.6121581469265
1020 4.87852112676094 14.6125104146727
14020 2.80035180299034 14.6128623724605
5145 1.09402460456945 14.6132140208348
6689 2.78138718173826 14.6135653603391
1456 2.9842105263158 14.6139163915157
2631 1.48290972830848 14.6142671149051
4154 2.25831873905438 14.6146175310466
11837 2.39195100612419 14.6149676404782
1954 1.48251748251744 14.6153174437362
2434 0.441048034934502 14.6156669413556
1985 1.59336823734736 14.6160161338701
3287 6.12554489973874 14.616365021812
3288 6.12543554006931 14.6167136057121
7261 2.46910356832033 14.6170618860998
11753 1.53826086956526 14.6174098635032
7499 2.21980886185927 14.617757538449
11754 1.53906250000004 14.6181049114626
4789 0.529054640069381 14.6184519830679
5204 5.1646447140383 14.6187987537875
4772 4.18874458874465 14.6191452241426
14165 4.3200692041525 14.6194913946532
14164 4.31979256698363 14.6198372658377
14104 0.122625215889464 14.6201828382134
1831 0.122519413287317 14.6205281122962
13973 1.51724137931031 14.6208730886004
7223 5.69250645994891 14.6212177676394
14381 2.93545611015478 14.621562149925
5127 5.840928632847 14.6219062359677
2159 5.8410652920962 14.6222500262768
7222 5.69270386266126 14.6225935213602
7221 5.69296740994883 14.6229367217244
1750 1.59383033419029 14.6232796278749
4071 1.74315068493147 14.6236222403155
14071 2.74251497005984 14.6239645595491
13812 2.74273504273503 14.624306586077
8372 6.02732707087914 14.6246483203993
11741 5.87627986348062 14.624989763015
13991 0.260869565217392 14.6253309144216
13992 0.260647359454855 14.6256717751155
4589 0.680851063829793 14.6260123455916
5353 1.48299319727894 14.6263526263437
3070 1.61257434154634 14.6266926178644
2773 1.51782682512728 14.6270323206449
992 3.71586089906673 14.6273717351752
6893 1.22627118644071 14.6277108619441
7275 3.33361558001672 14.6280497014392
2538 3.39509306260564 14.6283882541467
10859 2.4395604395606 14.6287265205516
7274 3.33361486486501 14.6290645011378
5750 5.196624472574 14.629402196388
1334 4.47048903878557 14.6297396067833
4338 4.47093513058084 14.6300767328041
6165 4.64225589225602 14.6304135749293
6167 4.64255677039556 14.6307501336366
11704 1.55546218487394 14.6310864094025
2347 5.55835432409711 14.6314224027024
4567 5.55872483221507 14.6317581140104
2027 2.45431684828179 14.6320935437994
1128 2.45477386934672 14.6324286925413
6892 1.22677824267781 14.6327635607065
10858 2.43896321070247 14.6330981487645
3214 2.11111111111119 14.6334324571834
6891 1.2262103505843 14.6337664864304
8864 4.03336113427845 14.6341002369713
2161 3.03000000000007 14.6344337092707
10131 2.93588676103254 14.6347669037923
13963 4.17054908485866 14.6350998209983
13961 4.17040731504589 14.6354324613501
1696 4.96262458471699 14.6357648253078
6334 3.02987551867219 14.6360969133302
10887 5.80514096185712 14.6364287258751
10888 5.80530240265083 14.6367602633993
11129 3.68791390728467 14.6370915263582
5196 3.68817204301043 14.6374225152062
12006 5.77768595041306 14.6377532303966
8865 4.03303055326148 14.6380836723815
264 5.59983498349796 14.638413841612
265 5.59934047815367 14.6387437385379
3423 3.58237232289937 14.639073363608
14257 5.35308641975339 14.6394027172701
230 1.45970394736845 14.6397317999707
229 1.45932621199674 14.6400606121553
6728 3.36781609195426 14.6403891542682
1287 1.98031173092703 14.6407174267528
1286 1.98032786885244 14.6410454300512
3272 1.78542178542171 14.6413731646045
3271 1.78559738134212 14.6417006308529
6688 2.78086672117736 14.6420278292351
6687 2.78104575163398 14.6423547601892
8348 1.67020408163267 14.6426814241518
418 1.06443719412722 14.6430078215587
3809 1.06438467807658 14.6433339528446
713 2.6905537459283 14.6436598184431
8176 3.71602929210716 14.6439854187867
7090 4.25203252032554 14.6443107543068
7319 3.30463038180369 14.644635825434
11410 0.726461038961044 14.6449606325976
11409 0.726682887266834 14.645285176226
12186 3.71555915721246 14.6456094567464
263 5.59919028340082 14.6459334745851
494 4.11731391585744 14.6462572301673
496 4.11721907841556 14.6465807239173
12550 4.58562197092061 14.6469039562581
438 1.84422921711059 14.6472269276119
1697 4.96290322580696 14.6475496383999
11128 3.68815471394038 14.6478720890421
437 1.8438003220612 14.6481942799576
5557 0.935639581657282 14.6485162115645
346 0.669614147909975 14.6488378842799
7273 3.33413654618501 14.6491592985198
2500 1.39807383627614 14.6494804546992
2724 4.0890136327185 14.6498013532323
3181 1.61217948717957 14.650121994532
3180 1.61248999199357 14.6504423790105
5051 4.08879999999968 14.6507625070788
2733 5.42925659472442 14.651082379147
9185 5.44009584664587 14.6514019956243
5139 0.984836392657629 14.6517213569187
5929 0.984848484848505 14.6520404634374
465 5.84143426294871 14.6523593155866
3499 5.28582802547748 14.6526779137715
6023 5.42879872712773 14.6529962583964
6377 2.09538950715426 14.6533143498644
6024 5.42891183478958 14.653632188578
19 3.03015873015872 14.6539497749385
454 3.36796193497223 14.6542671093462
453 3.36767036450071 14.6545841922007
7815 1.30007917656373 14.6549010239005
7816 1.30063291139237 14.655217604843
52 0.68063241106719 14.6555339354249
8350 1.67061611374412 14.6558500160419
8349 1.67087608524067 14.6561658470887
6383 2.0954258675079 14.6564814289591
4099 4.13317572891997 14.656796762046
8670 4.13307086614147 14.6571118467413
6993 2.45003933910308 14.657426683436
1314 1.06446540880502 14.6577412725203
10489 3.32364493322832 14.6580556143832
5749 5.19701726844546 14.6583697094131
5748 5.19686274509866 14.6586835579973
4702 4.54075235109736 14.6589971605222
3054 1.4479248238058 14.6593105173733
3055 1.44757433489823 14.6596236289353
6166 4.64268960125142 14.6599364955918
4070 1.74296874999993 14.6602491177257
627 1.74316939890711 14.660561495719
890 5.15210608424392 14.6608736299525
40 5.56742010912006 14.6611855208065
1444 5.15264797507771 14.6614971686602
2537 3.3953307392996 14.661808573892
5879 5.72472783825741 14.6621197368793
88 5.72494172494243 14.6624306579987
2536 3.39518633540407 14.662741337626
1004 0.352211016291697 14.6630517761359
127 4.21937984496147 14.6633619739025
3400 4.21920991479466 14.6636719312989
462 0.108359133126935 14.6639816486973
1730 3.86001546790429 14.664291126469
6266 1.0092735703246 14.6646003649846
1683 3.86023166023143 14.6649093646137
1474 4.05015432098798 14.6652181257251
10698 3.00308404009249 14.6655266486868
11042 3.00308166409839 14.6658349338659
8852 3.49653579676656 14.6661429816285
689 5.5376923076919 14.6664507923401
3890 5.53727901614118 14.6667583663653
4809 2.45007680491548 14.6670657040677
1760 0.0851880276285494 14.6673728058102
1761 0.085122699386503 14.6676796719549
1005 0.352490421455937 14.667986302863
7263 2.46860643185286 14.6682926988948
4790 0.528691660290735 14.6685988604099
1499 5.80504587156052 14.6689047877671
4788 0.528647822765463 14.6692104813242
7262 2.46870229007642 14.6695159414383
1987 4.80320366132742 14.6698211684657
1239 4.83841463414701 14.6701261627619
1237 4.83853769992414 14.6704309246814
12007 5.77777777777694 14.6707354545781
1988 4.80304182509479 14.671039752805
12005 5.77735562310039 14.6713438197144
1399 5.03720577069089 14.6716476556576
14335 0.274658573596358 14.6719512609852
1568 5.23275208491327 14.6722546360472
1569 5.23257575757656 14.6725577811924
3714 1.60181680545045 14.6728606967692
13977 1.68608169440244 14.6731633831249
14374 0.270597127739985 14.6734658406062
3159 5.15256797583095 14.673768069559
2433 0.44150943396226 14.6740700703284
10699 3.00301659125188 14.6743718432586
7800 0.969103240391878 14.6746733886931
14483 5.06777108433744 14.6749747069748
7801 0.969149736644081 14.6752757984456
13993 0.260150375939848 14.6755766634466
3924 5.61307287753628 14.6758773023183
3923 5.61336336336318 14.6761777154004
4029 2.24306076519135 14.6764779030317
4030 2.24287856071973 14.6767778655505
973 4.68164794007468 14.677077603294
11408 0.726796407185623 14.6773771165989
14072 2.74270755422606 14.677676405801
6611 1.56053811659198 14.6779754712355
8796 2.70873786407751 14.6782743132367
8797 2.70820895522373 14.6785729321382
693 2.3840417598807 14.6788713282729
4618 0.669150521609545 14.6791695019729
7814 1.30007446016383 14.6794674535696
1006 0.351934523809523 14.6797651833935
4617 0.669144981412652 14.6800626917746
9184 5.44056463595838 14.6803599790421
1252 3.16258351893107 14.6806570455244
8545 5.82863501483603 14.6809538915492
3056 1.44773906597474 14.6812505174434
2757 2.52592592592584 14.6815469235332
2758 2.5262768319764 14.6818431101443
3387 4.68195266272206 14.6821390776014
2235 5.09460458241035 14.6824348262286
8065 1.6447562776957 14.6827303563491
8066 1.64501845018448 14.6830256682858
3874 0.865781710914441 14.6833207623604
7035 3.13927781871788 14.6836156388942
4873 5.0463917525773 14.6839102982077
13935 2.86092715231773 14.6842047406207
12772 2.86102941176496 14.6844989664523
2801 5.03673769287321 14.6847929760208
11529 4.26945668135102 14.685086769644
5013 2.1907556859867 14.6853803476389
5014 2.19061583577718 14.6856737103216
11407 0.701098901098899 14.6859668580079
2490 0.701317715959 14.6862597910126
90 1.32626188734454 14.6865525096498
12715 1.32602339181289 14.6868450142333
6053 2.93206720233766 14.6871373050756
14146 3.57007299270051 14.6874293824891
12670 2.00802334062733 14.6877212467852
5854 5.5823615160342 14.6880128982746
2004 2.00801165331387 14.6883043372674
14147 3.57059679767121 14.6885955640732
4928 0.377454545454546 14.6888865790005
4927 0.37718023255814 14.6891773823576
10913 0.249818445896879 14.6894679744517
430 4.70101596516697 14.6897583555897
429 4.70123277737508 14.6900485260776
14471 5.20797101449249 14.6903384862208
12644 1.42288196958724 14.690628236324
14154 1.42257597684519 14.6909177766913
8078 0.429501084598704 14.6912071076262
8079 0.429913294797684 14.6914962294313
1382 0.895306859205787 14.6917851424088
467 0.895382395382378 14.6920738468602
2398 2.99423215573191 14.6923623430862
601 1.15850144092216 14.692650631387
600 1.15838732901366 14.692938712062
240 3.87985611510827 14.6932265854102
10265 5.88713156002814 14.6935142517296
10266 5.88721264367755 14.693801711318
159 2.63029432878664 14.6940889644722
5685 1.38091822094694 14.6943760114884
5686 1.38064516129032 14.6946628526624
212 2.63037249283664 14.6949494882892
14119 3.59341445955649 14.695235918663
5 3.59298998569424 14.6955221440778
9974 0.768406004288788 14.6958081648265
9975 0.768571428571415 14.6960939812016
4364 1.03069236259816 14.6963795934951
2602 1.35734664764617 14.6966650019981
2603 1.35709194583038 14.6969502070012
7909 4.88888888888891 14.6972352087946
7908 4.8889679715299 14.6975200076674
6738 1.81721194879097 14.6978046039085
3209 1.81734186211794 14.698088997806
1453 4.98366477272709 14.6983731896475
5294 4.98367636621705 14.6986571797197
9756 2.28510638297868 14.6989409683091
3053 2.28490432317513 14.6992245557014
8469 0.592067988668557 14.6995079421815
371 0.495399858457188 14.6997911280341
372 0.495756718529003 14.7000741135429
11204 1.52791519434624 14.7003568989912
11203 1.52824858757067 14.7006394846617
7652 5.33662667607668 14.7009218708365
12570 5.00634696756025 14.7012040577971
12571 5.00634249471504 14.7014860458243
7651 5.33661971831054 14.7017678351984
839 3.13089373680488 14.7020494261991
1457 2.98171589310808 14.7023308191055
8242 4.61700632466646 14.7026120141962
8243 4.61727528089865 14.702893011749
1520 3.51649122807048 14.7031738120414
13901 2.60729312762953 14.70345441535
13902 2.60756832515772 14.703734821951
7588 0.207282913165266 14.7040150321201
4336 1.2631210636809 14.7042950461322
4335 1.26293706293708 14.7045748642618
8935 0.918238993710717 14.7048544867828
313 0.918296089385482 14.7051339139685
3746 1.71598046057216 14.7054131460915
3747 1.71617852161778 14.7056921834241
1609 2.88432055749133 14.7059710262377
1610 2.88440111420637 14.7062496748035
476 1.63465553235912 14.7065281293919
6802 1.85396383866494 14.7068063902727
157 5.38290479499608 14.7070844577152
2613 5.38263888888869 14.7073623319883
3454 1.68147120055519 14.7076400133601
14086 2.08599167822471 14.7079175020982
740 1.57103257103251 14.7081947984698
741 1.57132963988918 14.7084719027414
14085 2.08581314878893 14.7087488151789
6803 1.85408022130013 14.7090255360477
205 4.91015894955147 14.7093020656129
5871 4.91022099447535 14.7095784041385
7714 0.790200138026243 14.7098545518885
5125 2.12620689655175 14.7101305091261
7715 0.790489317711932 14.7104062761139
3352 1.05234159779612 14.7106818531142
474 2.95526496902941 14.7109572403884
3481 2.95529573590088 14.7112324381976
8389 0.207560137457044 14.7115074468025
1870 3.5782967032972 14.7117822664629
4716 3.99862731640338 14.7120568974383
4715 3.99862825788805 14.7123313399877
11659 0.473612063056883 14.7126055943694
11660 0.473287671232884 14.7128796608412
6434 1.97056810403831 14.7131535396605
6433 1.97058823529401 14.7134272310841
10039 5.65140123034929 14.7137007353683
9432 5.54713114754045 14.7139740527688
3491 3.88395904436844 14.7142471835407
9433 5.54706684856794 14.7145201279389
4564 2.03408316291756 14.7147928862175
4563 2.03405994550401 14.71506545863
11546 3.87610619469062 14.7153378454298
5274 2.30612244897949 14.7156100468694
5275 2.30659415363714 14.7158820632008
14249 3.85054347826068 14.7161538946758
14250 3.85064494229426 14.7164255415453
2309 5.62279511533176 14.71669700406
4118 5.62237288135703 14.7169682824698
1759 2.09959349593489 14.7172393770244
4468 5.3662830060936 14.7175102879728
6719 3.93910690121745 14.7177810155635
3167 3.93914807302208 14.7180515600446
7235 0.301351351351349 14.7183219216635
7234 0.301147873058741 14.7185921006674
4495 2.53643724696342 14.7188620973027
4802 1.02360080917064 14.7191319118154
4839 4.72371967654963 14.7194015444512
5995 4.72390572390584 14.719670995455
8391 1.2166890982503 14.7199402650713
8392 1.21654337592468 14.7202093535443
1526 2.82258064516121 14.7204782611175
286 3.50570852921428 14.7207469880339
1538 3.50604026845673 14.7210155345361
3399 4.04627766599616 14.7212839008662
13922 2.82238605898134 14.7215520872657
13198 6.06496985934489 14.7218200939759
7160 2.98594377510044 14.7220879212374
241 4.46153846153853 14.7223555692902
9175 4.46122994652382 14.722623038374
6276 5.51169004675946 14.7228903287281
14074 5.51201602136172 14.7231574405911
6860 2.50300200133418 14.7234243742013
6859 2.50333333333319 14.7236911297964
5627 5.07728181212449 14.7239577076136
13923 5.07723035952095 14.7242241078899
3105 2.56021290751817 14.7244903308614
1853 4.01329787234038 14.7247563767642
8915 5.16810631229329 14.7250222458334
323 0.228419654714475 14.7252879383042
983 0.228268082282679 14.7255534544109
3106 2.56034482758625 14.7258187943874
956 3.34592445328042 14.7260839584674
924 4.05960264900608 14.7263489468838
13751 4.05956320317728 14.7266137598694
2881 2.14947089947084 14.726878397656
2780 4.5763384005283 14.7271428604756
2781 4.5766182298551 14.7274071485592
2882 2.14983498349841 14.7276712621376
984 5.87269129287539 14.7279352014412
12612 5.40342781806129 14.7281989666997
14116 5.40316205533641 14.7284625581425
3576 4.76958525345684 14.7287259759986
14240 5.31578947368513 14.7289892204964
14241 5.31558185404296 14.729252291864
2454 2.02628120893573 14.7295151903289
122 3.8870650032826 14.7297779161183
13927 4.76968503936954 14.7300404694589
4750 4.95344262295065 14.7303028505769
4751 4.95347313237195 14.730565059698
2653 3.87295350360242 14.7308270970477
5021 0.5726439790576 14.7310889628508
6535 0.572923479398295 14.7313506573319
1822 5.65490196078429 14.7316121807149
7469 6.07446113651177 14.7318735332233
7468 6.07441253263788 14.7321347150805
7995 4.84801043705151 14.732395726509
7996 4.84810951760124 14.7326565677311
3083 0.637785016286649 14.7329172389688
3751 5.08398437500013 14.7331777404433
11647 1.6239427456083 14.7334380723757
4645 1.10338101430433 14.7336982349865
4646 1.10331384015589 14.7339582284958
11207 1.77662337662329 14.7342180531233
7428 4.3536664503565 14.7344777090883
14377 4.35408560311283 14.7347371966096
3371 5.37653920933153 14.7349965159055
10274 2.22927461139897 14.7352556671941
5115 1.77669902912633 14.735514650693
12740 3.18240620957313 14.7357734666192
4203 0.407239819004524 14.7360321151895
4204 0.40697674418605 14.7362905966201
8125 5.73402194964476 14.736548911127
11032 4.27290322580624 14.7368070589256
1690 4.51966473243014 14.7370650402309
11770 2.69974226804147 14.7373228552575
4786 3.29555698647784 14.7375805042197
4787 3.29536679536663 14.7378379873313
8697 2.69967845659147 14.7380953048056
1400 5.03984575835425 14.7383524568556
4837 4.58253050738643 14.7386094436939
12844 3.86392811296574 14.7388662655325
8126 5.73380372033405 14.7391229225834
745 4.93397435897499 14.7393794150577
4227 4.93401665598997 14.7396357431664
3878 4.95902688860509 14.7398919071201
4322 1.07421625079977 14.7401479071288
13100 4.44181585677768 14.7404037434024
13101 4.44153354632614 14.74065941615
849 5.17879948914482 14.7409149255806
1042 4.74984045947636 14.7411702719027
1423 4.74999999999948 14.7414254553244
1184 3.96430847673674 14.7416804760535
8798 5.60955414012819 14.7419353342972
317 2.9089751750478 14.7421900302625
2289 2.9090330788807 14.7424445641559
457 2.55308328035616 14.7426989361836
574 0.278271918678526 14.7429531465512
4534 5.98349206349276 14.7432071954642
4535 5.98350253806982 14.7434610831274
2416 0.641090678503494 14.7437148097455
445 0.97972116603298 14.7439683755226
2083 0.814439518682732 14.7442217806625
3122 3.4601265822785 14.7444750253687
3123 3.46046805819084 14.744728109844
1694 2.33122629582822 14.7449810342913
1695 2.33101705622251 14.7452337989127
8103 0.833333333333348 14.74548640391
8104 0.833438485804434 14.7457388494848
2033 1.52143757881457 14.7459911358382
3060 4.31064902331483 14.7462432631708
3061 4.31108312342548 14.7464952316831
6062 2.40276903713009 14.7467470415749
2084 0.814465408805031 14.746998693046
6630 3.25455688246407 14.7472501862954
6631 3.25502512562809 14.747501521522
8409 4.97740112994319 14.7477526989243
6585 5.21769134253393 14.7480037187003
