172 3.14159265358979 9.84117204741882
9834 1.94000001 10.3032701677921
14222 1.92000001 10.5735802398642
9988 0.621212121212121 10.7653682881654
14208 0.643939393939393 10.9141306557082
14189 0.659090909090909 11.0356783602375
14194 0.666666666666666 11.1384454801224
14207 0.689393939393939 11.2274664085387
14216 0.825757575757575 11.3059884323096
14230 0.901515151515151 11.3762287760815
14192 0.909090909090908 11.4397688959511
14206 0.924242424242424 11.4977764806108
14184 0.931818181818181 11.5511382857265
14215 0.931818181818181 11.6005436004957
14204 0.939393939393939 11.6465388481536
14228 0.939393939393939 11.689564528912
14195 0.939393939393939 11.7299809434563
14213 0.946969696969696 11.7680865526829
14209 0.946969696969696 11.8041313668631
14205 0.946969696969696 11.8383268964548
14198 0.946969696969696 11.8708536725678
14185 0.946969696969696 11.9018670163244
14203 0.954545454545454 11.9315015247049
14227 0.954545454545454 11.9598746009841
14200 0.954545454545454 11.9870892639976
14190 0.954545454545454 12.0132364060998
14225 0.954545454545454 12.038396624755
14187 0.954545454545454 12.062641720869
14210 0.954545454545454 12.0860359340765
14221 0.954545454545454 12.1086369685269
14202 0.954545454545454 12.1304968504089
14220 0.954545454545454 12.1516626492853
14188 0.954545454545454 12.1721770883965
14218 0.954545454545454 12.1920790638296
14224 0.946969696969696 12.2114040884118
14197 0.946969696969696 12.2301846730562
14201 0.939393939393939 12.2484506558483
14199 0.931818181818181 12.2662294872364
14211 0.931818181818181 12.2835464781719
14226 0.924242424242424 12.3004250168281
14193 0.916666666666666 12.316886758555
14191 0.916666666666666 12.3329517929411
14214 0.909090909090908 12.3486387912145
14212 0.909090909090908 12.3639651366977
14186 0.901515151515151 12.378947040599
14217 0.893939393939393 12.3935996450782
14223 0.893939393939393 12.4079371152255
14196 0.886363636363636 12.4219727213574
14229 0.886363636363636 12.4357189128259
14219 0.878787878787878 12.4491873843709
578 3.26515151515155 12.4623891359017
591 5.03030303030311 12.4753345264731
54 4.71969696969705 12.4880333231202
218 4.68939393939401 12.5004947451283
592 5.03030303030311 12.5127275042405
782 4.56818181818189 12.5247398412423
428 5.3030303030304 12.5365395593085
1385 4.75757575757583 12.5481340544498
412 4.27272727272734 12.559530343356
37 3.78030303030308 12.5707350889002
132 4.84848484848493 12.5817546235344
5654 5.72727272727283 12.5925949707822
1876 5.12121212121221 12.6032618650132
382 5.78787878787889 12.6137607696586
1660 1.20454545454545 12.6240968940159
2675 4.27272727272734 12.6342752087698
3380 3.09090909090912 12.6443004603461
96 1.27272727272727 12.6541771842029
615 5.12878787878797 12.6639097171503
11065 5.34848484848494 12.6735022087851
11070 5.34848484848494 12.682958632113
11067 5.34848484848494 12.6922827934295
8824 5.34848484848494 12.7014783415177
9173 5.34848484848494 12.7105487762216
2446 6.19696969696981 12.719497456443
252 5.80303030303041 12.7283276076097
1911 4.93181818181826 12.7370423286546
1903 4.6742424242425 12.7456445985452
11066 5.34848484848494 12.7541372823968
452 3.24242424242428 12.7625231372014
1328 5.20454545454554 12.7708048172004
1291 3.37121212121216 12.7789848789283
4132 4.28030303030309 12.7870657859499
4547 5.34090909090918 12.7950499133144
6673 5.34090909090918 12.8029395517457
8823 5.34090909090918 12.8107369115878
1045 1.31818181818182 12.8184441265219
730 4.03030303030309 12.826063257071
11064 5.34090909090918 12.8335962939069
3750 4.73484848484856 12.8410451609723
11071 5.34090909090918 12.8484117184301
1168 3.13636363636367 12.8556977654515
11069 5.34090909090918 12.8629050428543
11068 5.34090909090918 12.8700352355988
4093 5.05303030303039 12.8770899751525
807 4.52272727272734 12.8840708417307
48 5.83333333333344 12.8909793664211
1765 6.00757575757587 12.8978170331992
660 5.19696969696979 12.9045852808419
2676 4.28030303030309 12.9112855047442
4261 1.43939393939394 12.9179190586463
874 3.34090909090913 12.924487256275
481 3.68939393939399 12.9309913729052
450 3.3106060606061 12.9374326468464
112 5.00000000000008 12.9438122808572
683 1.40909090909091 12.9501314434935
729 1.09090909090909 12.9563912703934
300 1.07575757575758 12.9625928655016
1763 6.00757575757587 12.9687373022383
2007 2.54545454545456 12.9748256246138
1196 2.40909090909092 12.9808588482937
407 4.62878787878795 12.9868379616156
317 4.95454545454554 12.9927639265604
1211 4.48484848484855 12.9986376796818
2731 4.31818181818188 13.0044601329943
2367 4.35606060606067 13.0102321748231
2006 2.54545454545456 13.0159546706173
804 1.10606060606061 13.0216284637293
2091 3.19696969696973 13.0272543761598
901 3.3106060606061 13.0328332092735
1746 2.40909090909092 13.0383657444833
1150 3.69696969696974 13.0438527439077
2803 4.78787878787887 13.0492949510004
1621 3.72727272727277 13.0546930911555
3340 1.43181818181818 13.060047872287
2171 4.73484848484856 13.0653599853865
1519 3.25000000000003 13.0706301050579
7791 3.41666666666671 13.0758588900319
40 5.83333333333344 13.0810469836599
4616 2.54545454545456 13.0861950143892
53 4.78787878787887 13.0913035962196
105 0.113636363636364 13.0963733291431
5021 5.54135338345858 13.1014047995667
5020 5.54477611940304 13.1063985807194
1809 0.237037037037037 13.1113552330444
5498 3.91176470588234 13.1162753045762
3568 5.08759124087594 13.1211593313042
46 1.15217391304348 13.1260078375236
209 4.14388489208631 13.1308213361726
861 3.28571428571428 13.1356003291584
4237 1.5531914893617 13.1403453076709
583 5.08450704225361 13.1450567524863
657 5.24475524475522 13.1497351342588
1808 0.236111111111111 13.1543809138028
4394 3.32413793103445 13.1589945423659
868 3.80821917808215 13.163576461891
1484 1.2312925170068 13.1681271052713
671 3.22297297297295 13.1726468965949
251 5.8187919463088 13.1771362513825
1904 4.68000000000005 13.1815955768163
2639 3.17880794701984 13.1860252719621
573 2.65789473684212 13.190425727983
887 1.48366013071895 13.1947973283471
1549 2.30519480519481 13.1991404490279
3321 3.19999999999997 13.2034554586983
1547 2.3076923076923 13.2077427189185
5341 3.36305732484081 13.2120025843177
434 3.70253164556964 13.2162354027701
1093 6.20754716981131 13.2204415155656
2637 4.7125 13.2246212575747
1963 5.08695652173907 13.2287749574085
1548 2.30246913580248 13.2329029375737
2674 4.29447852760736 13.2370055146233
1383 4.68902439024381 13.2410829993016
809 4.52121212121205 13.2451356966859
869 3.80120481927714 13.2491639063232
4131 4.31736526946105 13.2531679223633
3326 6.2023809523811 13.2571480336877
217 4.64497041420115 13.2611045240342
2577 4.75882352941175 13.265037672119
2275 4.02923976608191 13.2689477517539
4481 4.81976744186041 13.2728350319611
4437 2.53757225433526 13.276699777084
2686 5.02873563218383 13.2805422468952
2441 0.331428571428572 13.2843626967012
3057 3.15909090909094 13.2881613774443
370 0.0225988700564972 13.2919385358014
876 3.3426966292135 13.2956944142802
220 4.6424581005587 13.2994292513127
340 3.58888888888888 13.3031432813456
1145 3.25414364640883 13.3068367349294
873 3.34065934065933 13.3105098388034
4438 2.54098360655736 13.3141628159798
4440 2.53804347826087 13.3177958858248
4441 2.54054054054052 13.3214092641377
270 4.60215053763445 13.3250031632276
5073 1.27272727272728 13.3285777919885
1081 4.14361702127655 13.3321333559721
1912 2.30687830687831 13.3356700574586
2814 6.19999999999984 13.3391880955258
633 4.56020942408384 13.3426876661166
8525 5.4583333333333 13.346168962104
608 3.76683937823835 13.3496321733554
1947 3.65463917525772 13.3530774867944
8524 5.45641025641024 13.3565050864613
863 3.28061224489799 13.3599151535725
870 3.81218274111678 13.3633078665775
3381 3.11111111111113 13.3666834012152
3383 3.11055276381906 13.3700419305685
1949 3.65499999999994 13.3733836251175
1327 5.16915422885579 13.3767086527915
4392 3.3019801980198 13.3800171790196
494 6.09852216748779 13.38330936678
8522 5.45588235294116 13.3865853766483
8523 5.45853658536586 13.3898453668444
2666 5.16990291262139 13.3930894932785
38 2.44444444444445 13.3963179095957
867 3.80769230769238 13.3995307672197
8028 6.20095693779915 13.4027282153954
1948 3.65714285714285 13.4059104012305
1628 0.023696682464455 13.4090774697362
2665 5.16981132075462 13.4122295638668
2667 5.16901408450695 13.4153668245584
860 3.28037383177566 13.4184893907667
862 3.27906976744191 13.4215973995039
1572 4.98611111111118 13.4246909858749
5485 5.9999999999999 13.4277702831125
14060 2.73853211009173 13.4308354226115
39 5.85388127853893 13.4338865339632
8526 5.45909090909096 13.4369237449871
7218 6.20361990950224 13.439947181764
8527 5.45945945945958 13.442956968667
791 5.62780269058296 13.4459532283922
4615 2.54464285714286 13.4489360819888
3382 3.11555555555551 13.4519056488884
3597 1.63274336283184 13.4548620469337
13945 5.92070484581482 13.4578053924064
420 1.24122807017544 13.4607358000551
3525 4.84716157205231 13.4636533831216
632 4.97826086956524 13.4665582533676
859 3.27705627705632 13.4694505211
2668 5.16810344827595 13.4723302951964
597 3.80686695278966 13.4751976831293
107 0.11965811965812 13.4780527909906
1248 6.20425531914903 13.4808957235149
13952 5.91949152542392 13.4837265841026
13946 5.91983122362863 13.4865454748422
480 3.7016806722689 13.4893524965331
72 4.9372384937238 13.4921477487065
42 4.52916666666673 13.4949313296468
1807 0.232365145228216 13.4977033364126
8027 6.20247933884287 13.5004638648566
14 3.04938271604937 13.5032130096459
13950 5.92213114754112 13.505950864281
3385 3.11428571428574 13.5086775211153
13947 5.92276422764215 13.5113930713737
13949 5.92307692307684 13.5140976051708
842 3.51612903225805 13.5167912115288
1360 4.51004016064262 13.5194739783953
3595 1.632 13.5221459926603
4859 3.19521912350597 13.5248073401733
8521 5.45634920634919 13.5274581057598
1 5.24901185770762 13.5300983732372
684 1.17322834645669 13.5327282254312
3384 3.11372549019607 13.5353477441911
13951 5.921875 13.5379570104052
8520 5.45914396887158 13.5405561040156
5913 3.15891472868218 13.5431451040332
864 3.27799227799235 13.5457240885518
13948 5.9230769230769 13.5482931347625
590 5.00383141762444 13.5508523189673
4657 2.22900763358778 13.5534017165929
4658 2.22813688212927 13.555941402204
2542 4.46969696969707 13.5584714495164
4951 3.1584905660378 13.5609919314096
506 3.36842105263153 13.56350291994
4717 1.33333333333334 13.5660044863523
3598 1.63059701492538 13.5684967010927
5540 0.397769516728625 13.57097963382
1195 2.39629629629629 13.5734533534177
14140 2.80073800738009 13.5759179280053
2638 3.23161764705889 13.5783734249495
3600 1.63369963369963 13.5808199108755
3594 1.63138686131386 13.5832574516775
1962 5.11272727272725 13.5856861125299
1384 4.65579710144913 13.5881059578969
4653 2.22743682310472 13.5905170515437
872 3.33812949640286 13.5929194565459
8493 3.39784946236563 13.5953132352997
4654 2.22857142857142 13.5976984495317
11361 3.39857651245558 13.600075160308
4243 1.69148936170211 13.6024434280442
3596 1.62897526501768 13.6048033125143
397 4.41901408450709 13.6071548728596
2442 0.326315789473685 13.6094981675979
1262 4.30419580419571 13.6118332546321
3284 3.19860627177706 13.6141601912586
9403 2.79861111111116 13.6164790341761
2074 4.70242214532861 13.6187898394938
10170 6.17241379310329 13.6210926627392
4086 4.60137457044672 13.6233875588665
10167 6.17123287671219 13.6256745822643
287 6.17064846416392 13.6279537867635
3599 1.62925170068025 13.6302252256446
4034 3.44406779661022 13.6324889516454
5150 3.74324324324329 13.6347450169682
5641 0.326599326599327 13.6369934732873
5545 0.399328859060402 13.6392343717558
36 2.42809364548498 13.6414677630126
416 3.74333333333339 13.6436936971896
4656 2.22923588039866 13.6459122239181
5543 0.397350993377484 13.6481233923354
4655 2.22772277227722 13.6503272510917
9443 0.174342105263158 13.6525238483563
14141 2.79999999999997 13.6547132318238
5542 0.398692810457515 13.6568954487204
938 4.53745928338755 13.6590705458103
14139 2.79870129870132 13.6612385694012
4533 4.27831715210347 13.6633995653507
1413 3.03225806451616 13.6655535790716
9448 0.173633440514469 13.6677006555383
914 2.17628205128204 13.6698408392918
1913 2.3067092651757 13.6719741744456
1915 2.30573248407648 13.674100704691
589 5.00634920634919 13.6762204733026
2454 3.91455696202534 13.6783335231434
3258 4.80441640378546 13.6804398966703
9444 0.176100628930818 13.6825396359389
7960 2.39498432601877 13.6846327826087
13 4.80312499999986 13.686719377948
492 6.09968847352007 13.6887994628388
1587 0.114906832298137 13.6908730777818
1108 5.28792569659448 13.6929402629006
3256 4.80246913580229 13.695001057947
3255 4.80307692307692 13.6970555023053
2242 6.09815950920241 13.6991036349966
9446 0.174311926605505 13.7011454946837
1867 4.14329268292672 13.7031811196749
4234 1.55927051671733 13.7052105479291
2641 3.17878787878782 13.7072338170592
4969 2.8006042296073 13.7092509643369
4659 2.23192771084339 13.7112620266965
3670 5.08108108108092 13.7132670407391
5541 0.398203592814372 13.7152660427366
5544 0.397014925373133 13.7172590686355
4439 2.52083333333336 13.719246154061
1819 0.0385756676557863 13.7212273343204
9266 2.79881656804734 13.7232026444075
14142 2.79941002949849 13.7251721190058
230 3.58529411764705 13.7271357924923
3257 4.80351906158357 13.7290936989412
3254 4.80409356725156 13.7310458721272
4095 5.05539358600596 13.7329923455294
11360 3.3953488372092 13.7349331523344
1961 5.11014492753607 13.7368683254397
2541 4.47398843930634 13.7387978974573
5539 0.397694524495677 13.7407219007167
4307 4.72413793103449 13.7426403672685
1914 2.30659025787968 13.7445533288871
2197 2.85142857142853 13.7464608170745
9447 0.173789173789174 13.7483628630627
9445 0.176136363636364 13.7502594978176
7277 0.175637393767705 13.752150752041
1009 3.9152542372882 13.7540366561747
10169 6.17464788732428 13.7559172404024
2836 1.05898876404494 13.7577925346535
10168 6.17366946778709 13.7596625686052
8596 6.17318435754195 13.761527371686
11362 3.39554317548742 13.7633869730777
2199 2.85277777777777 13.7652414017189
700 0.445983379501383 13.7670906863074
10299 5.54419889502757 13.7689348553027
1724 3.96694214876025 13.7707739369287
3543 4.66483516483515 13.7726079591766
6204 4.20000000000011 13.7744369498071
10491 1.42349726775955 13.7762609363531
3967 6.09809264305164 13.7780799461219
213 2.60597826086955 13.7798940061981
4241 1.69105691056908 13.7817031434458
8694 3.42162162162171 13.783507384511
4381 3.42318059299198 13.7853067558238
5729 4.09139784946253 13.7871012836009
10301 5.54423592493294 13.788890993848
8805 4.67379679144376 13.7906759123618
507 3.86133333333342 13.7924560647324
2437 3.56914893617017 13.7942314763454
7708 2.56498673740055 13.7960021723842
13142 3.30158730158735 13.7977681778319
8575 3.44063324538252 13.7995295174738
410 3.4421052631578 13.8012862158991
4035 3.4409448818897 13.8030382975033
6424 3.6047120418849 13.8047857864899
2797 3.21932114882509 13.8065287068726
5500 3.91406249999991 13.8082670824773
5501 3.91428571428575 13.810000936944
10300 5.54404145077722 13.8117302937287
408 3.87338501291982 13.8134551761053
766 1.73453608247422 13.8151756071677
781 4.5809768637532 13.8168916098311
7707 2.56410256410256 13.8186032068346
5462 6.25831202046062 13.8203104207424
2539 4.47448979591834 13.8220132739458
702 0.447837150127228 13.823711788665
927 1.46954314720812 13.8254059869508
8563 3.60506329113926 13.8270958906862
4238 1.55808080808082 13.8287815215885
4236 1.55667506297231 13.8304629012103
4239 1.5577889447236 13.8321400509418
4061 4.75689223057635 13.8338129920121
5466 6.26000000000028 13.8354817454908
5461 6.25935162094753 13.8371463322899
5327 2.89303482587069 13.8388067731648
5465 6.25806451612923 13.8404630887166
294 2.13613861386138 13.8421152993929
293 2.13580246913579 13.8437634254898
5463 6.25862068965529 13.8454074871533
13958 2.35380835380836 13.8470475043806
9917 2.35539215686274 13.8486834970216
5759 3.21760391198038 13.8503154847807
5328 2.89268292682927 13.8519434872177
5126 4.47445255474468 13.8535675237496
4293 0.0315533980582524 13.8551876136518
2341 6.09927360774825 13.8568037760595
5731 4.09178743961353 13.858416029969
4242 1.68915662650604 13.8600243942393
4240 1.68750000000003 13.861628887593
593 5.00719424460429 13.863229528618
699 0.447368421052633 13.8648263357687
698 0.446300715990453 13.8664193273669
5642 0.328571428571428 13.8680085216038
5640 0.327790973871735 13.8695939365404
3073 0.286729857819905 13.8711755901095
4267 3.60283687943266 13.8727535001163
6203 4.19811320754707 13.8743276842401
6201 4.20000000000007 13.8758981600351
4094 5.05164319248833 13.8774649449317
2873 4.4964871194378 13.8790280562379
5728 4.091121495327 13.88058751114
3802 0.235431235431236 13.8821433267042
5732 4.09069767441848 13.8836955198772
3632 1.32714617169372 13.885244107488
5325 2.89120370370375 13.8867891062482
5323 2.89145496535794 13.8883305327538
5464 6.25806451612889 13.8898684034858
5503 1.2735632183908 13.8914027348113
5919 1.10321100917432 13.8929335429848
11778 3.43935926773466 13.8944608441492
451 3.23972602739733 13.8959846543365
805 1.09339407744875 13.8975049894689
1747 2.42954545454546 13.8990218653604
5405 2.48526077097502 13.9005352977167
3190 5.41176470588233 13.9020453021373
5643 0.329571106094808 13.9035518941156
395 3.85360360360371 13.9050550890403
999 5.66741573033691 13.9065549021963
1518 3.25560538116594 13.9080513487655
7026 3.60402684563763 13.9095444438279
5504 1.27455357142857 13.9110342023621
4268 3.60356347438747 13.912520639247
703 0.446666666666667 13.9140037692617
385 2.67184035476723 13.9154836070873
216 3.42256637168147 13.916960167307
13921 3.92935982339938 13.9184334644075
4810 4.86784140969147 13.9199035127797
2116 3.64835164835164 13.9213703267195
215 3.42324561403515 13.9228339204284
219 4.64113785557981 13.924294308015
1001 5.66812227074224 13.9257515034949
889 5.66666666666653 13.9272055207925
5487 6.00434782608677 13.9286563737409
1711 4.77657266811272 13.9301040760833
5324 2.89177489177488 13.9315486414733
13970 5.23758099352041 13.9329900834763
13972 5.23706896551709 13.9344284155697
10492 1.42365591397851 13.9358636511437
9721 1.43776824034334 13.9372958035026
2115 3.64882226980731 13.9387248858648
6491 1.43803418803418 13.9401509113639
1425 5.8144989339022 13.9415738930497
4393 3.3234042553192 13.9429938438882
3328 1.27388535031847 13.9444107767631
2114 3.65042372881369 13.9458247044759
2640 3.17758985200837 13.9472356397468
7880 3.74683544303789 13.9486435952155
7709 2.56210526315796 13.9500485834419
1710 3.74579831932772 13.9514506169064
2360 4.12578616352191 13.9528497080111
585 4.54602510460247 13.9542458690798
6288 4.83716075156573 13.9556391123594
5974 5.30833333333319 13.9570294500201
1659 1.22869022869021 13.958416894156
5499 3.90871369294605 13.9598014567859
5404 2.48447204968943 13.9611831498539
875 3.34297520661151 13.9625619852299
704 0.44742268041237 13.9639379747105
298 5.41152263374509 13.9653111300192
6311 5.54414784394282 13.9666814628072
4096 5.0491803278689 13.9680489846543
13971 5.2372188139057 13.9694137070687
5326 2.89183673469381 13.9707756414886
1020 4.83706720977601 13.9721347992818
6206 4.19918699186981 13.973491191747
5760 3.21906693711974 13.9748448301139
3239 6.05870445344103 13.9761957255441
721 3.47878787878774 13.9775438891313
6339 4.60685483870959 13.9788893319021
6928 1.42253521126759 13.9802320648166
13957 2.35542168674701 13.9815720987686
17 2.65531062124247 13.9829094445865
2540 4.47399999999973 13.9842441130336
4244 1.68862275449105 13.9855761148087
4245 1.68924302788844 13.9869054605466
3806 6.00397614314139 13.9882321608186
13956 2.35515873015872 13.9895562261331
1661 1.22772277227723 13.9908776669357
2213 5.6679841897237 13.9921964936105
6576 5.66666666666628 13.9935127164796
1000 5.66732283464604 13.9948263458045
295 2.13752455795677 13.9961373917858
291 2.13725490196078 13.9974458645644
13954 2.35420743639916 13.9987517742213
4156 6.099609375 14.0000551307785
8321 0.286549707602339 14.0013559441993
8806 4.67315175097275 14.0026542243889
6202 4.20000000000014 14.0039499811946
6205 4.19961240310074 14.0052432244065
3071 0.286266924564796 14.0065339637578
495 4.67374517374522 14.0078222089251
682 1.33911368015415 14.0091079695294
6489 1.43653846153846 14.0103912551358
4232 0.234165067178503 14.0116720752544
13955 2.35440613026817 14.0129504393406
607 3.77055449330781 14.0142263567954
3803 0.234732824427481 14.0154998369662
3070 0.285714285714286 14.0167708891466
4235 1.55703422053233 14.0180395225773
5761 3.21821631878565 14.0193057464464
5502 1.27462121212123 14.0205695698897
19 5.5897920604915 14.021831001991
10059 0.481132075471698 14.0230900517829
5576 2.70244821092273 14.0243467282468
2713 3.26503759398505 14.0256010403133
2200 2.84990619136957 14.0268529968627
6731 2.92696629213472 14.0281026067256
5575 2.70093457943928 14.0293498786828
3074 0.276119402985075 14.030594821466
10715 0.0707635009310987 14.0318374437581
2071 0.117100371747212 14.0330777541933
6623 4.82003710575157 14.0343157613582
5577 2.70185185185187 14.035551473791
124 6.13678373382583 14.0367848999831
6621 4.81918819188194 14.0380160483786
3444 3.71454880294675 14.0392449273748
11780 1.7665441176471 14.0404715453228
1426 5.80366972477048 14.0416959105277
165 5.49816849816848 14.0429180312488
2124 5.62705667276042 14.0441379157001
1228 0.344890510948906 14.0453555720508
1704 2.92714025500904 14.0465710084252
5132 1.45454545454544 14.0477842329032
9460 5.96007259528103 14.0489952535208
1338 1.59420289855069 14.0502040782702
2543 2.10488245931286 14.0514107151004
2192 2.26353790613721 14.052615171917
2844 4.55675675675685 14.0538174565831
2125 5.62589928057595 14.0550175769192
8451 3.82405745062856 14.0562155407037
2400 0.014336917562724 14.057411355673
2943 5.06797853309486 14.0586050295222
2044 5.06785714285724 14.059796569905
7507 5.7825311942962 14.060985984434
3569 5.09964412811389 14.0621732806813
1342 1.59502664298399 14.0633584661786
8135 6.13652482269495 14.0645415484175
2717 5.9592920353986 14.0657225348498
14171 5.95936395759721 14.0669014328876
1121 3.02469135802461 14.068078249904
166 5.49823943661981 14.0692529932329
2709 5.78383128295281 14.0704256701697
168 5.49824561403504 14.0715962879712
908 1.3660245183888 14.0727648538562
5573 2.10489510489506 14.0739313750054
7332 3.88307155322883 14.075095858562
2838 1.05052264808362 14.0762583116319
3443 3.71478260869577 14.0774187412837
9134 5.31944444444424 14.0785771545494
5572 2.10398613518196 14.0797335584242
3445 3.7145328719722 14.0808879598671
5571 2.10362694300521 14.0820403658008
6338 4.61034482758624 14.0831907831125
1143 3.06196213425138 14.0843392186534
6552 5.76632302405496 14.0854856792398
2198 2.85077186963982 14.0866301716525
2273 4.01369863013689 14.0877727026376
106 0.128205128205128 14.0889132789067
2712 3.26621160409562 14.0900519071368
8567 5.88586030664413 14.0911885939709
1315 1.29761904761904 14.0923233460179
2687 5.02546689303883 14.0934561698532
812 6.13559322033923 14.0945870720187
2194 2.26395939086295 14.0957160590229
2201 2.84966216216211 14.0968431373415
1545 4.0354131534572 14.0979683134173
14033 5.41245791245805 14.0990915936606
1141 5.31932773109242 14.1002129844492
958 4.62416107382522 14.1013324921291
689 3.07202680066994 14.1024501230139
634 4.74581939799356 14.1035658833859
13959 3.92821368948246 14.1046797794958
7352 4.1566666666665 14.1057918175629
14255 2.95341098169717 14.1069020037756
14256 2.95348837209309 14.1080103442914
5407 2.48590381426205 14.1091168452369
6734 2.92549668874165 14.1102215127087
1863 4.15702479338832 14.1113243527727
9557 4.2623762376236 14.112425371465
1019 4.85337726523896 14.1135245747918
1122 3.02467105263165 14.1146219687296
4422 2.13793103448281 14.1157175592254
2506 4.70163934426224 14.1168113521971
1840 6.01963993453324 14.1179033535332
10061 0.482026143790848 14.1189935690937
2193 2.26427406199018 14.1200820047096
2191 2.26384364820843 14.1211686661836
2234 4.5154471544715 14.1222535592898
686 3.07142857142845 14.1233366897745
659 5.22528363046997 14.1244180633557
661 5.22491909385095 14.1254976857239
5111 4.99192245557338 14.1265755625419
14252 2.95322580645158 14.1276516994449
14254 2.95330112721418 14.1287261020411
4676 1.02733118971061 14.1297987759116
5653 5.76725521669322 14.1308697266105
14058 2.74198717948727 14.1319389596651
14056 2.74079999999996 14.1330064805764
6773 0.50638977635783 14.1340722948189
11574 3.15948963317392 14.1351364078408
1543 4.03503184713361 14.1361988250643
10054 4.09062003179659 14.1372595518858
10060 0.479365079365078 14.1383185936759
2558 1.73217115689379 14.1393759557796
1838 6.01898734177162 14.1404316435167
10620 4.86571879936823 14.1414856621816
14103 3.20820189274446 14.1425380170436
10979 1.79055118110239 14.1435887133473
2939 0.367924528301887 14.1446377563122
13116 3.20879120879124 14.1456851511336
1865 4.15673981191212 14.146730902982
5208 4.59624413145526 14.1477750170038
759 2.60624999999992 14.1488174983213
760 2.60686427457094 14.1498583520326
799 2.76947040498434 14.1508975832121
13960 3.92690513219301 14.1519351969106
727 4.95496894409958 14.1529711981551
1889 3.81705426356607 14.1540055919493
2688 5.02631578947344 14.1550383832739
1890 3.81607418856273 14.1560695770861
8450 3.82561728395043 14.1570991783203
10711 0.0708782742681048 14.1581271918882
9135 5.31846153846186 14.1591536226786
10712 0.0706605222734255 14.1601784755579
14034 5.41104294478507 14.1612017553699
8516 4.26952526799366 14.1622234669364
1951 1.51834862385318 14.163243615057
5975 5.31908396946583 14.164262204509
14035 5.4115853658539 14.1652792400482
7296 2.07914764079153 14.1662947264086
2680 4.22644376899699 14.1673086683024
6240 3.18968133535677 14.1683210704205
87 5.6257575757579 14.1693319374325
5488 5.99394856278372 14.1703412739866
905 1.36706948640486 14.1713490847102
906 1.36651583710407 14.1723553742094
669 3.22740963855407 14.1733601470698
670 3.22706766917289 14.1743634078561
6553 5.76876876876902 14.1753651611124
13115 3.2083958020991 14.1763654113626
5859 1.54191616766466 14.1773641631099
2190 2.26457399103145 14.1783614208376
8452 3.82537313432821 14.1793571890088
10562 4.25335320417279 14.1803514720666
10063 0.48065476190476 14.1813442744343
10062 0.479940564635957 14.1823356005153
7753 5.0608308605341 14.1833254546937
229 3.57777777777768 14.1843138413338
257 3.54437869822495 14.1853007647808
14231 3.54505169867055 14.1862862293603
7754 5.06047197640122 14.1872702393791
1946 3.66715758468335 14.1882527991246
13117 2.40147058823529 14.1892339128656
5579 2.70190895741548 14.1902135848518
5578 2.70234604105572 14.1911918193145
1120 3.02635431917999 14.192168620466
422 3.2660818713451 14.1931439925005
1339 1.59416058394159 14.1941179395936
3387 3.68513119533538 14.1950904659027
4166 3.68558951965048 14.1960615755671
11909 1.76453488372087 14.1970312727077
4949 4.57184325108866 14.1979995614279
754 0.247826086956522 14.198966445813
7335 3.88133140376276 14.1999319299306
104 0.127167630057803 14.2008960178306
5406 2.48484848484841 14.2018587135454
1017 4.86455331412109 14.20282002109
5022 5.5323741007196 14.203779944462
1743 2.43103448275863 14.2047384876418
1577 1.66284074605455 14.2056956545925
1322 4.2263610315188 14.2066514492604
13989 4.86409155937066 14.2076058755747
8564 5.88571428571456 14.2085589374478
8566 5.8858773181167 14.2095106387752
1144 3.05982905982912 14.210460983436
10840 5.53200568990033 14.2114099752926
5574 2.10511363636368 14.2123576181909
1341 1.59432624113471 14.2133039159603
4677 1.02691218130311 14.2142488724143
11439 1.45120226308345 14.2151924913499
7295 2.07909604519778 14.216134776548
4643 4.29196050775767 14.2170757317736
8665 0.507042253521126 14.2180153607757
7297 2.07876230661043 14.2189536672876
7338 3.88061797752793 14.2198906550268
8269 2.07994389901826 14.220826327695
2046 1.11344537815126 14.2217606889785
14114 0.223776223776224 14.2226937425482
5791 1.12150837988828 14.2236254920593
10563 4.25383542538338 14.2245559411519
5730 4.09888579387184 14.225485093451
2837 1.05424200278164 14.2264129525662
2835 1.05416666666666 14.2273395220922
907 1.36615811373093 14.2282648056088
103 0.127423822714681 14.2291888066807
9558 4.26279391424618 14.230111528858
5403 2.48480662983425 14.231032975676
904 1.36689655172417 14.2319531506553
2918 1.02617079889806 14.232872057302
14059 2.7400275103163 14.2337896991078
9251 1.21840659340659 14.2347060795499
1340 1.59396433470504 14.2356212020913
2917 1.02602739726029 14.2365350701804
2318 3.54445964432268 14.237447687252
14079 4.03415300546426 14.2383590567264
5858 1.5429740791269 14.2392691820099
1952 1.51771117166214 14.2401780664952
1953 1.5183673469388 14.2410857135607
3446 3.71331521739116 14.2419921265714
2041 4.39213025780216 14.2428973088784
8513 4.28455284552832 14.2438012638191
844 2.64546684709076 14.2447039947176
2799 1.76486486486491 14.2456055048843
6622 4.8164642375166 14.2465057976162
658 5.22641509433986 14.2474048761971
1356 5.09959623149369 14.2483027438973
11907 1.76478494623662 14.2491994039742
8565 5.885906040269 14.2500948596719
6374 1.21849865951741 14.2509891142213
5484 6.01204819277115 14.2518821708407
90 1.21925133689838 14.2527740327351
14170 5.95994659546003 14.253664703097
14113 0.224 14.2545541851057
10839 5.88681757656491 14.2554424819282
3567 5.09973404255312 14.2563295967187
14169 5.9601593625498 14.2572155326188
5288 4.57161803713525 14.2581002927575
2025 2.17748344370867 14.2589838802515
768 3.56349206349192 14.2598662982052
11908 1.76486129458386 14.2607475497105
4678 1.02638522427439 14.2616276378471
11954 3.99077733860323 14.2625065656826
6410 0.0315789473684211 14.2633843362724
4165 3.68593955321963 14.2642609526599
11702 4.57217847769033 14.2651364178766
687 3.07208387942338 14.2660107349418
688 3.07198952879571 14.2668839068632
153 5.49803921568626 14.2677559366365
88 0.246736292428199 14.2686268272459
167 5.49804432855248 14.2694965816637
5741 4.76822916666667 14.2703652028506
4263 1.44993498049417 14.2712326937559
11440 1.45064935064935 14.2720990573173
8268 2.07911802853436 14.272964296461
6733 2.92487046632125 14.273828414102
6732 2.92496765847351 14.2746914131438
7752 5.06072351421184 14.2755532964786
7751 5.0606451612903 14.2764140669877
3375 5.84278350515525 14.277273727541
808 4.99099099099076 14.2781322809973
8136 6.13624678663218 14.2789897302044
8134 6.13607188703523 14.2798460779993
5486 6.01153846153844 14.2807013272079
1839 6.02048655569821 14.2815554806453
1068 4.58184143222541 14.2824085411157
1069 4.58237547892749 14.2832605114127
555 3.92602040816346 14.2841113943191
2126 5.62675159235732 14.2849611926071
10975 1.79134860050889 14.2858099090383
10977 1.79034307496827 14.2866575463638
665 4.69416243654832 14.2875041073241
10841 5.53231939163463 14.2883495946494
3842 4.71898734177218 14.2891940110595
4105 4.71934260429867 14.2900373592639
10713 0.0707070707070707 14.2908796419618
1067 4.58259773013858 14.2917208618421
2070 0.113350125944584 14.2925610215836
2321 3.54339622641537 14.293400123855
5215 3.29271356783914 14.2942381713151
10976 1.79046424090334 14.2950751666123
1494 2.97619047619042 14.2959111123854
292 2.13016270337926 14.296746011263
4104 4.71875000000013 14.2975798658641
10714 0.0711610486891387 14.2984126787977
2386 5.01620947630914 14.2992444526632
14253 2.95267745952679 14.30007519005
2026 2.17786069651745 14.3009048935381
8664 0.50683229813665 14.3017335656979
10776 4.57196029776672 14.3025612090899
3072 0.278810408921934 14.3033878262655
5110 4.99133663366337 14.3042134197662
8666 0.506798516687266 14.3050379921245
10978 1.79135802469141 14.3058615458631
8667 0.506781750924786 14.3066840834958
2320 3.54310344827593 14.3075056075266
3227 4.55473554735588 14.3083261204507
626 4.891891891892 14.3091456247538
14057 2.74110429447851 14.3099641229127
5583 0.202205882352941 14.3107816173949
5582 0.201958384332926 14.3115981106588
6421 2.82762836185823 14.312413605154
829 4.89255189255188 14.3132281033209
12460 4.06707317073133 14.314041607591
13045 4.06699147381251 14.3148541203871
3508 2.20072992700737 14.3156656441229
6420 2.8274605103282 14.3164761812035
14100 4.44417475728158 14.3172857340251
14097 4.44363636363594 14.3180943049753
6724 3.76271186440689 14.3189018964328
4068 0.148730350665055 14.3197085107679
3507 2.20048309178741 14.3205141503423
11718 2.43787696019297 14.321318817509
1107 5.29277108433758 14.3221225146126
2855 4.32972322503002 14.3229252439891
5081 5.28125000000007 14.3237270079663
9016 2.67827130852334 14.3245278088634
13782 4.97961630695477 14.3253276489913
5082 5.28143712574802 14.3261265306527
14175 5.38995215311018 14.326924456142
6918 3.96535244922356 14.3277214277451
14173 5.39021479713643 14.3285174477402
13243 1.8104886769965 14.329312518397
3506 2.20119047619047 14.3301066419771
3505 2.20095124851373 14.3308998207341
2385 5.01662707838462 14.3316920569137
13874 5.0391459074731 14.3324833527534
8512 4.27369668246448 14.3332737104828
3131 3.32899408284015 14.3340631323236
13000 1.81087470449174 14.3348516204896
14246 2.73081463990567 14.3356391771869
2947 4.17688679245277 14.3364258046134
1921 2.62779740871615 14.3372115049597
2944 4.17647058823501 14.3379962804084
4763 1.16451233842537 14.3387801331344
667 4.69600938967174 14.339563065305
6531 0.423212192262606 14.3403450790799
1147 3.67564402810311 14.3411261766112
5402 3.29239766081861 14.3419063600433
5751 2.17640186915882 14.3426856315133
3979 4.14119019836655 14.3434639931507
13275 3.23426573426554 14.3442414470775
4479 1.09429569266589 14.3450179954083
13966 0.526744186046517 14.3457936402505
8472 3.96515679442543 14.346568383704
10155 2.38631090487241 14.3473422278613
1415 3.38586326767111 14.3481151748078
178 2.05902777777782 14.3488872266215
1748 5.01271676300561 14.3496583853734
4198 3.62702078521925 14.3504286531271
3189 0.14878892733564 14.3511980319392
5590 3.35138248847919 14.3519665238591
297 4.96432681242844 14.3527341309291
13929 5.38965517241365 14.3535008551846
4605 4.54649827784182 14.3542666986538
7417 4.22591743119298 14.3550316633581
8663 4.94387170675829 14.3557957513119
3483 4.94393592677329 14.3565589645225
14099 4.44457142857163 14.3573213049906
2471 2.60502283105018 14.3580827747098
1169 3.1254275940706 14.3588433756669
13274 3.23348519362178 14.3596031098422
2816 3.77815699658691 14.3603619792089
5479 5.68977272727231 14.3611199857337
666 4.69580022701459 14.3618771313763
6529 0.424036281179141 14.36263341809
6530 0.42355605889015 14.3633888478215
1917 2.29411764705882 14.3641434225106
9234 6.23615819209063 14.3648971440908
14098 4.4435665914224 14.3656500144889
12757 1.81059751972948 14.3664020356252
5645 5.98761261261204 14.3671532094136
179 2.05961754780649 14.3679035377614
1326 3.23932584269652 14.3686530225696
4482 1.11223344556679 14.3694016657327
9809 1.33520179372197 14.3701494691388
8467 2.99440089585657 14.3708964346698
7809 1.7136465324385 14.3716425642012
14055 4.93184357541863 14.3723878596021
3318 2.85937500000011 14.3731323227354
211 4.13377926421424 14.373875955458
3319 2.85968819599105 14.3746187596203
7811 1.71412680756394 14.3753607370666
6964 3.9655555555558 14.376101889635
7812 1.7136514983352 14.3768422191577
3482 4.94345898004411 14.3775817274606
5072 4.66445182724269 14.3783204163635
1363 4.62389380530956 14.3790582876803
159 5.28176795580105 14.3797953432188
1576 1.66225165562908 14.3805315847808
2815 3.77839029768444 14.3812670141622
4850 1.32599118942728 14.382001633153
155 4.04400440044038 14.3827354435371
4815 3.5142857142857 14.3834684470928
8688 0.319429198682767 14.3842006455921
13895 1.66228070175441 14.3849320408017
1191 2.64731653888273 14.3856626344821
6737 2.64660831509843 14.3863924283883
156 4.0437158469947 14.3871214242692
1022 1.811135371179 14.3878496238682
6846 5.84405670665281 14.3885770289231
1412 3.04030501089315 14.3893036411658
13964 0.526659412404782 14.3900294623226
10564 4.74999999999981 14.3907544941142
8519 6.04017372421198 14.3914787382557
4067 0.148590021691974 14.3922021964566
2009 0.148429035752979 14.3929248704207
474 1.66883116883115 14.3936467618466
1362 4.62378378378399 14.3943678724271
10565 4.74946004319648 14.3950882038496
133 2.65803667745407 14.3958077577961
78 4.70258620689638 14.396526535943
7173 6.03982777179683 14.3972445399614
7904 3.58172043010733 14.397961771517
8517 6.03974221267403 14.3986782322702
8656 4.77253218884089 14.3993939238759
609 3.77063236870325 14.4001088479837
2274 4.01713062098463 14.4008230062381
636 2.58502673796781 14.4015364002779
5668 4.35897435897449 14.4022490317372
13390 1.30416221985056 14.4029609022444
2905 5.0191897654583 14.403672013423
638 2.58572949946749 14.404382366891
4607 4.54680851063787 14.4050919642615
13684 1.00850159404886 14.4058008071424
3241 6.06050955413981 14.4065088971364
3242 4.52173913043474 14.4072162358411
7102 4.70868644067788 14.4079228248492
14118 3.2878306878308 14.408628665748
9421 4.8858350951373 14.4093337601201
9236 6.23548046462562 14.4100381095429
816 4.88607594936746 14.4107417155888
1916 2.29504741833513 14.4114445798254
10566 4.7494736842104 14.4121467038152
4209 2.33438485804415 14.4128480891157
4211 2.33403361344537 14.4135487372797
14054 4.93179433368256 14.414248649855
6270 3.85744234800827 14.4149478283843
13682 1.00837696335078 14.415646274406
1920 2.62761506276148 14.4163439894531
2362 4.12748171368851 14.4170409750541
664 4.69519832985412 14.4177372327327
1317 4.88633993743486 14.4184327640078
572 4.13333333333318 14.4191275703934
8867 4.84495317377734 14.419821653399
2361 4.12681912681902 14.4205150145293
7826 5.43094496365507 14.4212076552842
2632 0.202282157676348 14.4218995771592
421 1.10777202072541 14.4225907816448
10186 1.54554865424427 14.4232812702272
7828 5.43123061013383 14.4239710443877
1359 4.50619834710786 14.4246601056032
5481 5.68937048503592 14.425348455346
4168 5.57216494845359 14.4260360950838
41 4.997940267765 14.4267230262797
1540 4.99794238683114 14.4274092503924
6723 3.76361767728687 14.4280947688762
479 1.08624229979466 14.4287795831805
12048 6.2799999999993 14.4294636947507
11798 5.57172131147574 14.4301471050276
7827 5.43091095189309 14.4308298154473
1707 4.4182004089977 14.431511827442
5857 1.5393258426966 14.4321931424392
2820 3.18571428571434 14.4328737618619
2547 0.758409785932728 14.4335536871291
7829 5.43075356415535 14.4342329196551
5480 5.6897253306211 14.4349114608503
146 5.68902439024372 14.4355893121203
6221 4.35939086294386 14.4362664748669
5589 3.35192697768742 14.4369429504872
169 4.99797365754814 14.4376187403745
14248 2.73076923076912 14.4382938459174
13683 1.00808897876642 14.4389682685006
1847 0.104040404040404 14.4396420095046
1848 0.10393541876892 14.4403150703055
3790 3.9475806451612 14.4409874522754
3789 3.94763343403836 14.4416591567823
9534 5.74144869215313 14.4423301851899
4212 2.33366834170852 14.4430005388579
4210 2.33433734939762 14.4436702191419
13681 1.00802407221666 14.4443392273934
3562 5.850701402805 14.4450075649598
1846 0.104104104104104 14.4456752331845
3561 5.85000000000029 14.4463422334069
14131 2.15584415584423 14.4470085669623
9944 4.4261477045909 14.447674235182
9943 4.42572283150583 14.4483392393934
14174 5.38944223107583 14.4490035809199
1193 2.41890547263685 14.4496672610809
11800 5.57256461232592 14.4503302811919
6409 0.0248262164846078 14.4509926425645
7810 1.71428571428571 14.4516543465064
2340 1.73339940535178 14.4523153943212
5700 4.85742574257388 14.452975787309
1546 2.31552917903073 14.4536355267658
4197 3.62648221343901 14.4542946139838
6934 4.42546890424487 14.4549530502513
1492 2.97534516765265 14.4556108368529
13965 0.526108374384239 14.4562679750694
13967 0.526574803149605 14.4569244661778
6083 2.99410029498519 14.4575803114512
1493 2.97544204322197 14.4582355121591
9659 5.04416094209988 14.4588900695673
9108 4.92254901960783 14.4595439849377
3780 4.9226248775704 14.4601972595286
1818 5.29354207436385 14.4608498945946
2548 0.758553274682306 14.4615018913866
5699 4.857421875 14.4621532511518
1123 3.02146341463415 14.4628039751338
2549 0.759259259259274 14.4634540645726
1241 0.0165530671859786 14.4641035207045
6419 2.82684824902723 14.4647523447622
6418 2.82701652089415 14.4654005379749
7418 4.22621359223307 14.4660481015679
1411 3.47914645974762 14.4666950367635
1668 2.58527131782933 14.4673413447798
1167 3.12487899322372 14.4679870268319
839 2.58510638297879 14.4686320841311
12459 4.06666666666692 14.4692765178851
10099 2.38803088803092 14.4699203292984
5581 0.202507232401158 14.4705635195718
2550 0.75915221579962 14.4712060899027
14027 4.0673724735321 14.471848041485
1084 3.85769230769272 14.4724893755091
8169 3.14697406340048 14.4731300931621
2438 3.56525911708233 14.4737701956277
6082 2.99424736337492 14.474409684086
8466 2.99425287356324 14.4750485597139
3571 3.35789473684237 14.4756868236848
11814 3.51434034416823 14.4763244771687
13215 2.05921680993307 14.4769615213325
9018 2.67748091603043 14.4775979573395
6220 4.35843660629174 14.4782337863497
4011 2.05904761904769 14.4788690095199
11815 3.51474785918202 14.4795036280035
14128 2.15589353612163 14.4801376429506
1316 1.29154795821465 14.4807710555081
14129 2.1555977229602 14.4814038668197
2920 6.06066350710846 14.4820360780256
9235 6.23579545454562 14.482667690263
9237 6.23557237464505 14.4832987046656
1044 1.31947069943287 14.4839291223643
271 1.97261567516521 14.4845589444864
2436 3.56509433962282 14.4851881721562
3240 6.06032045240398 14.4858168064948
47 1.15725047080978 14.4864448486201
1416 3.38570084666027 14.4870722996468
11799 5.57236842105231 14.4876991606865
5825 5.04225352112717 14.4883254328478
11950 1.19512195121952 14.488951117236
2634 1.14245548266167 14.4895762149533
8518 6.04026217228433 14.4902007270989
1350 1.14218896164641 14.4908246547689
931 1.82710280373834 14.4914479990561
8655 4.7721755368814 14.4920707610507
5826 5.04197761194015 14.4926929418393
154 4.04287045666343 14.493314542506
764 1.73370577281197 14.4939355641314
6216 4.77209302325599 14.4945560077933
2226 2.04368029739772 14.4951758745666
14247 2.73166202414116 14.4957951655231
2789 4.01855287569594 14.4964138817315
432 1.74050046339201 14.4970320242576
1922 2.62777777777773 14.4976495941643
6528 0.423681776133213 14.4982665925116
1923 2.62754158964863 14.4988830203564
9850 0.304709141274237 14.4994988787528
1417 3.38560885608874 14.5001141687519
1575 1.65990783410141 14.5007288914019
14130 2.15561694290985 14.5013430477481
6648 1.19503219871205 14.501956638833
2945 4.1764705882355 14.5025696656961
214 2.61157024793384 14.5031821293741
2946 4.17614678899071 14.5037940309009
550 4.98075160403276 14.5044053713075
207 4.13369963369962 14.5050161516221
4806 5.07410795974402 14.5056263728698
1148 3.67733089579508 14.5062360360734
1194 2.41917808219185 14.5068451422526
1149 3.67791970802893 14.5074536924241
3791 3.94712853236079 14.5080616876023
11997 4.61566484517352 14.5086691287985
12050 6.28025477707047 14.5092760170212
1965 1.51818181818183 14.5098823532765
9848 0.305177111716624 14.5104881385673
3792 3.94736842105244 14.5110933738941
12047 6.28014505892981 14.5116980602545
9533 5.74003623188376 14.5123021986435
3353 2.65791855203619 14.5129057900534
1361 4.50542495479232 14.5135088354737
734 2.97560975609743 14.5141113358912
9849 0.305054151624551 14.5147132922903
9851 0.304779080252479 14.5153147056524
12049 6.28018018018117 14.5159155769564
1950 1.51305130513048 14.5165159071786
1721 3.97302158273416 14.5171156972925
891 2.46720575022447 14.5177149482692
733 6.07630161579952 14.518313661077
5374 6.07623318385599 14.5189118366816
5914 0.0878136200716845 14.5195094760463
622 0.0877350044762758 14.5201065801316
4410 4.65921288014322 14.5207031498955
2611 5.51563896336054 14.5212991862934
3205 5.60625000000045 14.5218946902782
3206 5.60660124888537 14.5224896628003
2610 5.51515151515189 14.5230841048072
898 4.72929652715932 14.5236780172445
2701 3.49555160142364 14.5242714010546
926 1.46666666666672 14.5248642571778
10669 0.54174067495559 14.5254565865519
13976 5.64862466725766 14.526048390112
1654 2.87322695035457 14.5266396687908
1873 2.76882196634208 14.5272304235186
10142 4.91769911504487 14.5278206552231
4768 2.50221043324477 14.5284103648296
3146 6.18992932862195 14.5289995532609
10701 3.00794351279785 14.5295882214375
12087 3.99118165784871 14.5301763702773
3878 2.77444933920703 14.5307640006958
577 3.16901408450715 14.5313511136062
8197 3.84872471416023 14.5319377099192
373 5.4815465729345 14.532523790543
10073 1.38279192273924 14.5331093563836
12851 0.367543859649124 14.5336944083445
8484 2.37248028045565 14.5342789473269
426 1.57793345008762 14.5348629742295
10071 1.38232720909889 14.5354464899487
7242 4.32430069930051 14.5360294953787
7243 4.32401746724899 14.536611991411
11111 5.85951134380412 14.5371939789353
114 2.04359197907591 14.5377754588384
11670 5.82229965156767 14.5383564320052
3872 6.12010443864314 14.538936899318
10372 1.74000000000005 14.539516861657
6991 4.56211989574243 14.5400963199001
7518 5.21267361111043 14.5406752749227
3870 6.11968777103201 14.5412537275982
1214 4.24696707105761 14.5418316787975
8390 3.46320346320359 14.5424091293894
4649 4.24653979238782 14.5429860802404
6990 4.56266205704405 14.5435625322146
7647 2.91018998272894 14.5441384861741
4055 2.37273511647985 14.5447139429787
2357 2.28017241379311 14.5452889034858
2265 5.94401378122379 14.5458633685507
13435 5.40533562822728 14.5464373390267
9833 1.96990541702492 14.5470108157646
5287 3.15120274914088 14.5475837996131
2700 3.49527896995724 14.5481562914187
13371 1.17667238421955 14.5487282920258
13370 1.17652099400175 14.5492998022765
2609 5.07705479452041 14.5498708230109
5891 6.15226689478128 14.5504413550669
14064 0.464957264957263 14.55101139928
1894 0.464560204953029 14.551580956484
9961 1.32167235494881 14.5521500275101
2699 3.49531116794536 14.5527186131878
14180 5.63458262350913 14.5532867143442
2011 3.59574468085089 14.5538543318043
2010 3.59523809523778 14.5544214663912
162 1.61002548853019 14.5549881189257
8643 5.97538200339632 14.5555542902265
9529 2.71755725190831 14.5561199811104
9530 2.7177966101696 14.556685192392
8642 5.97544453852723 14.5572499248837
477 0.0558375634517766 14.5578141793962
7517 4.46661031276431 14.5583779567377
3692 0.0557432432432432 14.5589412577148
160 1.61012658227852 14.5595040831316
2679 4.23187183811107 14.5600664337906
7349 4.12047177759016 14.5606283104919
455 1.83922558922563 14.5611897140339
14149 0.261564339781331 14.5617506452127
885 4.04957983193276 14.5623111048225
3535 1.09991603694371 14.5628710936557
3601 2.03104026845627 14.5634306125024
1664 5.26823134953945 14.5639896621508
6439 2.44388609715241 14.5645482433872
3322 3.2025104602508 14.5651063569959
8912 1.47742474916394 14.5656640037592
1665 5.26817042606528 14.5662211844575
5278 2.2487479131887 14.5667778998691
5873 0.745621351125924 14.5673341507705
5874 0.745833333333344 14.5678899379362
1663 5.26810990840911 14.5684452621388
7977 3.48502495840266 14.5690001241489
5216 3.29592684954293 14.5695545247353
12271 1.57807308970103 14.5701084646647
5277 2.24896265560165 14.570661944702
631 4.97180762852407 14.5712149656102
13940 1.57829328914671 14.5717675281505
5806 6.0538079470197 14.572319633082
4684 0.771712158808939 14.572871281162
8322 0.293388429752066 14.573422473146
14179 5.63501238645788 14.5739732097875
2024 2.1831683168316 14.5745234918383
11980 0.464962901896127 14.5750733200482
3212 3.72158154859952 14.5756226951651
1155 1.17037037037036 14.5761716179353
11333 5.90049342105176 14.5767200891029
5792 1.12161051766641 14.5772681094105
1098 4.37931034482782 14.5778156795987
4625 4.90484003281344 14.5783628004063
4196 3.62704918032783 14.5789094725704
543 1.17035217035213 14.579455696826
4627 4.90507364975441 14.5800014739065
2824 4.92722812755505 14.5805468045436
2135 0.0441176470588235 14.581091689467
7763 2.41387755102044 14.5816361294047
11110 5.8588907014675 14.5821801250829
6337 5.55175224123932 14.5827236772261
10050 0.552931596091205 14.5832667865569
10051 0.553295362082991 14.5838094537962
9107 3.24552845528471 14.5843516796631
3495 2.28025995125929 14.5848934648751
2979 2.28003246753231 14.5854348101478
2981 4.83049472830513 14.5859757161951
7519 5.21231766612611 14.586516183729
2982 4.82995951417028 14.5870562134602
1006 5.37702265372146 14.5875958060972
925 1.46645109135007 14.5881349623471
2004 0.995961227786766 14.5886736829152
13944 5.03470540758598 14.5892119685049
11149 1.75161290322577 14.5897498198182
3850 5.87187751812953 14.5902872375552
944 2.75684380032207 14.5908242224144
1535 4.97506033789138 14.5913607750926
7744 5.87218649517652 14.5918968962849
1843 2.41445783132546 14.5924325866847
5276 2.24879614767259 14.5929678469838
2627 4.94947874899804 14.5935026778722
3016 1.12660256410258 14.5940370800384
7350 4.12089671737441 14.5945710541692
5757 1.35279999999998 14.5951046009497
12852 0.367705835331739 14.5956377210634
13900 4.53833865814736 14.5961704151922
1586 0.098164405426975 14.5967026840162
3871 6.11961722488055 14.5972345282141
8774 1.31394422310755 14.5977659484627
7562 2.77468152866248 14.5982969454376
12475 0.996022275258566 14.5988275198123
10700 3.0079491255963 14.5993576722591
61 2.11834789515491 14.5998874034484
2271 2.11825396825396 14.6004167140492
4574 2.47898493259317 14.6009456047288
7649 2.91045958795555 14.6014740761529
7648 2.91053048297689 14.6020021289858
12474 0.996044303797473 14.60252976389
10110 0.380237154150196 14.6030569815266
5872 0.745655608214866 14.6035837825549
1712 4.79558011049686 14.6041101676329
260 4.39353312302882 14.6046361374169
800 3.83845547675295 14.6051616925617
2625 4.41259842519671 14.6056868337206
7074 5.75373721479223 14.6062115615451
949 6.07625786163503 14.6067358766855
11335 5.90023566378649 14.6072597797904
11334 5.90031397174182 14.6077832715069
13920 5.58980392156934 14.6083063524805
7075 5.75313479623907 14.6088290233553
304 3.00783085356321 14.6093512847738
11955 3.98591549295794 14.6098731373771
7543 5.72400312744396 14.6103945818047
73 4.89765625000058 14.6109156186946
6025 2.02029664324746 14.6114362486833
2563 2.3205928237129 14.6119564724059
726 4.95635229929918 14.6124762904959
4888 1.6401869158878 14.6129957035854
2272 2.11828793774318 14.613514712305
11956 3.98600311041954 14.6140333172839
1313 6.10644910644989 14.6145515191496
2286 5.70108695652271 14.6150693185284
9528 2.71761055081448 14.6155867160449
5438 5.60620155038719 14.6161037123226
2208 4.39349341595655 14.6166203079833
2246 0.54024767801858 14.6171365036472
2247 0.540603248259861 14.6176522999334
2062 4.41267387944354 14.6181676974594
945 3.47335907335891 14.6186826968412
4092 5.03240740740738 14.6191972986936
1723 3.97224363916713 14.6197115036298
7344 1.84976887519264 14.6202253122615
5816 5.94380292532684 14.6207387251992
13574 5.94384615384556 14.6212517430519
4837 3.18216756341306 14.6217643664272
6561 5.73195084485357 14.6222765959312
9153 5.73215656178069 14.6227884321687
3736 5.70168711656408 14.6232998757432
5890 6.15172413793145 14.6238109272567
5889 6.15237366003025 14.6243215873097
7932 1.50267788829378 14.6248318565016
13919 5.58944954128517 14.6253417354303
7944 1.50267379679149 14.6258512246921
3464 2.44885496183214 14.6263603248823
1229 0.347826086956521 14.6268690365946
1076 4.01219512195167 14.6273773604215
10109 0.380807311500383 14.627885296954
10108 0.38051750380518 14.6283928467819
10305 2.17034220532313 14.6289000104934
12807 0.37310030395137 14.6294067886757
12808 0.372817008352314 14.6299131819143
13905 2.94006069802732 14.6304191907938
4128 4.11068991660382 14.630924815897
3786 4.40757575757634 14.6314300578058
10306 2.17032551097654 14.6319349171004
843 2.64145234493195 14.6324393943599
9536 4.91307634164816 14.6329434901621
6277 0.493957703927498 14.6334472050835
13906 2.9403773584905 14.633950539699
2505 4.70588235294116 14.6344534945827
2440 0.339864355689526 14.634956070307
12086 3.99322289156587 14.6354582674431
2123 2.31301730624536 14.635960086561
9581 3.84962406015072 14.6364615282294
6027 2.02028549962429 14.6369625930156
6026 2.02027027027019 14.6374632814857
1335 1.6714178544636 14.6379635942046
1372 3.47376311844067 14.6384635317359
14150 0.261423220973785 14.6389630946417
10453 4.21407185628751 14.6394622834832
2956 5.59461480927407 14.6399610988201
6276 0.494020926756349 14.6404595412109
6275 0.494398805078421 14.6409576112129
3603 2.03208955223872 14.6414553093821
8641 5.97539149888197 14.6419526362733
7743 5.87183308494856 14.6424495924399
4548 2.66641846612048 14.6429461784343
3602 2.03199404761915 14.6434423948076
9902 3.10185873605924 14.6439382421094
8947 4.38781575037146 14.6444337208886
1079 4.15070527097274 14.6449288316924
4770 2.50222551928783 14.645423575067
1457 1.65011119347658 14.6459179515573
3536 4.79555555555585 14.6464119617071
680 4.65951147298322 14.646905606059
5879 0.250000000000001 14.6473988851541
478 0.0561714708056172 14.6478917995327
4769 2.50221565731173 14.6483843497336
4289 2.04501845018449 14.6488765362947
4182 6.05383480825899 14.6493683597524
8320 0.292557111274871 14.6498598206421
6596 5.75331369661265 14.6503509194979
9903 3.10228108903588 14.6508416568529
10072 1.38235294117647 14.6513320332389
161 1.60984570169001 14.6518220491865
13975 5.64904552129166 14.6523117052251
8123 5.77622890682289 14.6528010018832
13974 5.64882697947324 14.6532899396878
8485 2.37289377289376 14.6537785191649
5742 4.76720351390899 14.6542667408393
8948 4.38771031455785 14.6547546052348
9948 0.0862573099415203 14.6552421128738
4127 4.11029948867837 14.6557292642778
4126 4.11021897810186 14.6562160599669
9212 5.72210065645544 14.6567025004604
1653 2.87317784256568 14.657188586276
13907 2.94027676620562 14.6576743179308
10420 1.75181950509454 14.6581596959404
11148 1.75127272727266 14.6586447208193
315 4.96220930232495 14.659129393081
1004 5.37690631808219 14.6596137132379
1005 5.3773584905664 14.6600976818012
1652 2.87382160986208 14.660581299281
8073 6.21449275362287 14.6610645661863
14148 0.261404779145545 14.661547483025
1585 0.098408104196816 14.6620300503039
13541 5.20751988430923 14.6625122685287
2825 4.92702312138718 14.6629941382039
3663 3.24548736462098 14.6634756598331
7945 1.50288600288595 14.6639568339187
2399 0.0115356885364095 14.664437660962
1080 4.15129682997163 14.6649181414633
460 3.53203743700538 14.6653982759217
1077 6.21438848920818 14.6658780648353
2500 5.1876347951109 14.6663575087011
2161 5.59482758620634 14.6668366080151
890 2.46661880832721 14.667315363272
1758 2.46628407460535 14.6677937749658
10049 0.553405017921148 14.6682718435891
360 1.35243553008602 14.6687495696337
12339 1.3528990694345 14.6692269535901
461 3.53218884120209 14.669703995948
942 2.75696926375996 14.6701806971958
943 2.75642857142866 14.6706570578211
1455 1.65024982155599 14.6711330783102
713 4.40798858773184 14.6716087591485
2831 3.48396293656455 14.6720841008205
6547 0.772079772079761 14.6725591038093
2612 5.51530249110279 14.6730337685974
4199 3.62233285917475 14.6735080956659
9308 4.59061833688732 14.6739820854951
4685 0.772017045454559 14.6744557385641
14433 1.82611781405257 14.6749290553513
14432 1.82624113475167 14.6754020363336
459 3.53153791637151 14.6758746819874
14235 5.20750708215324 14.6763469927876
12040 1.64968152866247 14.6768189692085
13899 4.53818953323966 14.6772906117232
798 2.76678445229694 14.6777619208037
14132 2.65183615819219 14.6782328969213
11379 5.07339449541316 14.6787035405459
1227 0.347672778561354 14.6791738521469
7475 3.46229739253023 14.6796438321922
834 3.4619718309863 14.680113481149
2334 5.70161857846612 14.6805827994836
12115 4.04922644163099 14.6810517876609
9027 4.90513000702769 14.6815204461454
1337 1.67134831460668 14.6819887754001
7343 1.84982456140343 14.6824567758873
7345 1.84992987377269 14.6829244480683
783 4.57743517869629 14.6833917924034
3528 3.0861344537815 14.6838588093518
14238 1.77886634009793 14.6843254993721
14239 1.77902097902107 14.6847918629215
4991 2.81621243885385 14.6852579004565
12612 2.09148044692736 14.6857236124326
14116 2.09141660851353 14.6861889993043
4990 2.81589958159002 14.6866540615252
493 6.0912891986069 14.687118799548
4805 5.07172701949883 14.6875832138243
4865 0.190675017397357 14.6880473048048
4864 0.191237830319888 14.6885110729395
2624 2.68867268936746 14.6889745186771
2623 2.68888888888915 14.6894376424655
201 1.03886190145734 14.6899004447518
1282 2.21220527045776 14.6903629259821
1283 2.21205821205814 14.6908250866014
1047 1.03878116343493 14.691286927054
1482 3.52110726643555 14.6917484477832
419 1.24550484094052 14.6922096492313
9921 3.86454733932314 14.6926705318398
2105 4.00207182320414 14.6931310960493
7787 4.00207039337451 14.6935913422993
959 4.61931034482689 14.6940512710286
720 3.4693314955199 14.6945108826749
11262 1.34297520661154 14.6949701776753
7732 4.4982794218852 14.6954291564657
9109 4.90921595598395 14.6958878194811
3959 6.22542955326458 14.6963461671559
3958 6.22527472527463 14.6968041999232
6585 1.69800960878511 14.6972619182156
3624 3.73662551440375 14.6977193224646
509 1.52981494174096 14.6981764131007
508 1.52945205479457 14.6986331905537
10454 4.21423682409362 14.6990896552526
14243 0.212722298221613 14.6995458076253
14242 0.212576896787424 14.7000016480989
2316 3.92076502732206 14.7004571770997
2210 2.98088737201353 14.7009123950529
915 2.16575716234638 14.7013673023832
794 5.62031356509888 14.7018218995141
9562 3.44959128065418 14.7022761868685
8541 0.735874744724311 14.7027301648681
8542 0.736054421768718 14.703183833934
3460 1.83072739632912 14.7036371944864
10029 4.45516304347804 14.7040902469447
8689 2.96537678207725 14.7045429917272
8690 2.96540027137061 14.7049954292517
2169 0.563389830508468 14.7054475599348
3461 0.563008130081291 14.7058993841924
7552 4.45497630331768 14.7063509024397
888 6.02571041948484 14.7068021150909
1445 5.15145368492179 14.7072530225594
7082 5.15202702702668 14.7077036252576
801 3.83862255232924 14.7081539235974
2854 3.48920377867725 14.7086039179895
858 0.781523937963606 14.7090536088441
857 0.781671159029662 14.7095029965704
7512 0.356902356902357 14.7099520815767
11364 0.356662180349936 14.7104008642706
3351 4.93947545393422 14.7108493450589
238 0.159274193548387 14.7112975243475
6686 0.159167226326393 14.7117454025415
10704 1.30939597315439 14.7121929800452
8587 2.78403755868558 14.712640257262
7161 2.78418230563013 14.7130872345946
5298 5.2545210984605 14.7135339124449
1964 4.07764390896926 14.713980291214
1849 4.0775919732444 14.714426371302
2696 2.01069518716582 14.7148721531084
8287 4.90113560454206 14.7153176370319
4565 5.21695594125481 14.7157628234703
5490 3.83455637091355 14.7162077128206
4208 2.83799999999982 14.716652305479
266 3.8940706195865 14.7170966018411
267 3.89414114514004 14.7175406023015
2695 2.01064537591488 14.7179843072541
354 0.41356382978723 14.718427717092
4207 2.83787375415304 14.7188708322075
1502 1.85922974767596 14.719313652992
1501 1.85932315859333 14.7197561798365
355 0.413129973474799 14.7201984131308
956 5.56196156395013 14.7206403532641
4378 5.56225165562815 14.7210820006248
1966 3.63666446062255 14.7215233556006
14161 3.63624338624365 14.7219644185785
1375 0.138797091870456 14.7224051899444
774 0.138705416116248 14.7228456700838
11085 6.2455445544561 14.7232858593811
12772 5.44063324538222 14.7237257582204
13935 5.44034278180549 14.7241653669845
11086 6.24571805006679 14.7246046860559
8464 0.986833443054637 14.725043715816
8465 0.98684210526313 14.7254824566457
136 5.2583826429976 14.725920908925
2063 3.21287779237872 14.7263590730332
2978 0.433355219960608 14.7267969493489
4811 4.87204724409392 14.7272345382499
1264 3.07934426229532 14.7276718401132
4520 3.79357798165083 14.7281088553151
517 3.70857891290165 14.7285455842312
1176 4.18651832460753 14.7289820272365
1177 4.18639633747532 14.7294181847049
7457 5.67973856209148 14.7298540570098
7458 5.67994774657058 14.7302896445239
2977 0.433420365535242 14.7307249476192
2042 3.50945857795147 14.7311599666667
1135 4.37809647979132 14.731594702037
2919 0.517263843648204 14.7320291540997
3434 0.516927083333338 14.7324633232239
1599 1.80091086532202 14.7328972097779
5563 1.80104031209371 14.7333308141292
4767 1.3911630929174 14.7337641366447
4766 1.3915584415584 14.7341971776906
2002 3.5249837767681 14.7346299376322
371 2.06874189364461 14.7350624168343
372 2.06869734283867 14.7354946156609
8859 4.55116580310845 14.7359265344753
279 4.33915857605173 14.7363581736401
280 4.33893919792996 14.7367895335171
584 4.54234001292823 14.7372206144675
745 3.786175710594 14.7376514168519
569 2.19109102646863 14.7380819410301
11740 4.83419354838715 14.738512187361
6185 1.33978078658936 14.7389421562032
2901 4.05734536082544 14.7393718479143
5664 4.05730843528657 14.7398012628513
11276 2.1911196911196 14.7402304013706
456 1.83987138263655 14.7406592638277
2227 2.03920308483301 14.7410878505777
10945 5.71740526653879 14.7415161619748
12889 5.20346598202801 14.7419441983726
3989 1.97626683771635 14.742371960124
11722 4.16730769230779 14.7427994475812
176 2.45868033311989 14.7432266610958
177 2.45838668373883 14.7436536010186
52 4.16698656429889 14.7440802676998
44 1.47186700767269 14.744506661489
9391 3.23769968051145 14.744932782735
433 1.74457215836534 14.745358631786
10655 5.72814294830788 14.7457842089895
4436 4.38265306122405 14.7462095146924
8866 4.84130019120455 14.7466345492408
5092 2.59426751592384 14.7470593129804
2311 2.59452577975817 14.7474838062559
1025 1.72773536895685 14.7479080294116
5322 4.49396058486998 14.748331982791
2111 6.27128335450997 14.7487556667371
2112 6.27111111111197 14.749179081592
2474 4.8972081218269 14.7496022276974
710 5.47368421052694 14.7500251053942
12051 5.48288973383928 14.7504477150227
1870 4.88093730209021 14.7508700569226
711 5.47341772151798 14.7512921314328
7128 4.43453510436425 14.7517139388918
2409 2.5764854614414 14.7521354796372
2410 2.57612128869254 14.7525567540062
1689 0.571338383838391 14.7529777623351
1690 0.570977917981073 14.7533985049597
6254 4.43442622950857 14.7538189822154
1164 3.55450535601795 14.7542391944364
1165 3.55478589420638 14.7546591419569
3660 2.00251730648194 14.75507882511
4976 1.83584905660392 14.7554982442283
13814 4.21055939660638 14.755917399644
12844 5.47864321608135 14.7563362916884
939 3.5053358443184 14.7567549206922
9625 4.94855708908355 14.7571732869856
7531 1.13416927899684 14.7575913908981
7532 1.13408521303256 14.7580092327587
3659 2.00250469630568 14.7584268128955
516 2.60012515644536 14.7588441316363
769 3.55972482801732 14.7592611893081
831 6.08750000000081 14.7596779862374
13953 1.56464709556528 14.76009452275
3971 5.36891385767736 14.760510799171
3972 5.3693075483473 14.7609268158252
6285 2.34289276807976 14.7613425730365
6286 2.34267912772586 14.7617580711282
