975 3.14159265358979 9.70667767051225
479 5.14000000999993 10.1687757908855
718 2.78999999999998 10.4390858629577
83 5.80999999999992 10.6308739112588
591 1.04 10.7796362788017
269 6.02999999999992 10.901183983331
592 1.06 11.0039511032158
636 1.81 11.0929720316321
159 4.32999999999995 11.1714940554031
4680 0.38 11.2417343991749
3510 3.88999999999996 11.3052745190445
382 6.06999999999992 11.3632821037043
7276 3.47999999999997 11.4166439088199
1034 5.58999999999993 11.4660492235891
252 6.04999999999992 11.5120444712471
1618 3.40999999999997 11.5550701520054
4093 1.07 11.5954865665497
1617 3.39999999999997 11.6335921757764
2046 4.97999999999994 11.6696369899565
5313 4.97999999999994 11.7038325195482
5308 4.98999999999994 11.7363592956612
5314 4.98999999999994 11.7673726394178
5304 4.98999999999994 11.7970071477984
5310 4.99999999999994 11.8253802240775
5309 4.99999999999994 11.8525948870911
5316 5.00999999999994 11.8787420291932
5307 5.01999999999994 11.9039022478485
412 4.51999999999995 11.9281473439624
506 4.17999999999996 11.9515415571699
5305 5.02999999999994 11.9741425916204
5306 5.02999999999994 11.9960024735023
5312 5.02999999999994 12.0171682723787
5315 5.02999999999994 12.0376827114899
5311 5.02999999999994 12.057584686923
207 5.96999999999992 12.0769097115052
505 4.09999999999996 12.0956902961497
1045 2.29999999999999 12.1139562789417
480 5.43999999999993 12.1317351103298
166 3.35999999999997 12.1490521012653
10773 5.67999999999992 12.1659306399215
1881 5.67999999999992 12.1823923816485
3114 5.67999999999992 12.1984574160345
199 1.53 12.214144414308
172 0.09 12.2294707597911
2283 4.70999999999994 12.2444526636925
1616 3.36999999999997 12.2591052681716
6 3.31999999999997 12.273442738319
210 0.67 12.2874783444508
96 2.29999999999999 12.3012245359193
2223 5.96999999999992 12.3146930074643
2632 3.45999999999997 12.3278947589951
2099 0.61 12.3408401495665
7020 2.44999999999999 12.3535389462137
5394 0.43 12.3660003682218
10214 2.11 12.3782331273339
10212 2.11 12.3902454643357
10213 2.11 12.402045182402
10211 2.11 12.4136396775432
10216 2.11 12.4250359664494
10207 2.11 12.4362407119937
11607 5.67999999999992 12.4472602466278
11604 5.67999999999992 12.4581005938756
2577 3.67999999999997 12.4687674881066
842 1.37 12.479266392752
5393 0.43 12.4896025171093
11606 5.67999999999992 12.4997808318632
10206 2.12 12.5098060834396
10107 5.67999999999992 12.5196828072963
11608 5.67999999999992 12.5294153402438
11605 5.67999999999992 12.5390078318785
10208 2.12 12.5484642552065
10215 2.12 12.557788416523
10210 2.12 12.5669839646112
10209 2.11 12.576054399315
4681 0.41 12.5850030795365
2062 4.05999999999996 12.5938332307031
729 5.37999999999993 12.602547951748
394 4.13999999999996 12.6111502216386
410 0.79 12.6196429054903
1996 1.82 12.6280287602948
123 6.25999999999991 12.6363104402939
1108 4.34999999999995 12.6444905020218
411 4.81999999999994 12.6525714090433
3188 1.27 12.6605555364078
24 0.2 12.6684451748391
1750 2 12.6762425346813
2709 6.12999999999991 12.6839497496153
241 2 12.6915688801644
10818 3.47999999999997 12.6991019170003
9446 3.47999999999997 12.7065507840658
1414 4.30999999999995 12.7139173415235
481 5.90999999999992 12.7212033885449
344 3.29999999999997 12.7284106659478
7009 5.98999999999992 12.7355408586923
3278 3.29999999999997 12.7425955982459
4915 3.29999999999997 12.7495764648241
10819 3.46999999999997 12.7564849895145
938 4.06999999999996 12.7633226562926
10820 3.46999999999997 12.7700909039353
397 3.29999999999997 12.7767911278376
48 6.08910891089109 12.7834246817398
7011 5.99019607843135 12.7899928793684
874 4.20388349514564 12.7964969959987
37 6.09615384615392 12.8029382699398
9444 3.46666666666666 12.8093179039506
2048 1.63207547169812 12.815637066587
3848 1.81308411214952 12.8218968934869
90 2.54629629629629 12.8280984885951
7010 5.99999999999997 12.8342429253317
799 0.527272727272727 12.8403312477072
10663 3.36036036036034 12.8463644713871
4096 1.0625 12.852343584709
1150 5.92035398230089 12.8582695496538
3383 0.087719298245614 12.8641433027752
3384 0.0869565217391304 12.8699657560878
7936 3.31034482758623 12.8757377979165
2311 2.75213675213675 12.8814602937108
2085 2.82203389830508 12.8871340868227
4095 1.05882352941176 12.8927599992533
2225 2.20833333333333 12.8983388323669
543 2.20661157024793 12.9038713675767
4158 2.86885245901637 12.9093583670011
422 4.2357723577236 12.9148005740939
112 0.991935483870967 12.9201987142489
10661 3.36 12.9255534953805
4160 4.6190476190476 12.9308656084799
10662 3.36220472440944 12.9361357281513
4094 1.0703125 12.9413645131253
9308 0.201550387596899 12.9465526067534
7949 2.26923076923076 12.9517006374826
3382 0.0916030534351145 12.956809219313
1168 0.0909090909090909 12.9618789522365
3381 0.0902255639097744 12.9669104226601
2806 0.343283582089552 12.9719042038129
507 4.10370370370372 12.9768608561379
251 6.09558823529422 12.9817809276696
467 1.65693430656935 12.9866649543977
3385 0.0869565217391304 12.9915134606171
3380 0.0863309352517985 12.996326959266
544 1.96428571428571 13.0011059522518
2230 2.90070921985813 13.0058509307644
2576 3.68309859154934 13.0105623755798
2056 4.13986013986017 13.0152407573522
8571 2.81250000000002 13.0198865368963
6894 4.1379310344827 13.0245001654593
902 3.67808219178078 13.0290820849845
671 3.68027210884349 13.0336327283647
2578 3.6824324324324 13.0381525196883
8666 0.865771812080536 13.0426418744759
1962 1.02 13.0471011999098
1963 1.01986754966888 13.0515308950555
7277 3.4276315789474 13.0559313510764
590 0.993464052287579 13.0603029514405
8665 0.863636363636361 13.0646460721213
1876 1.01935483870968 13.0689610817917
2098 0.64102564102564 13.0732483420119
4322 2.859872611465 13.0775082074111
2055 4.13924050632913 13.0817410258636
1999 1.84276729559748 13.0859471386591
4431 3.75625000000004 13.0901268806681
1997 1.8447204968944 13.0942805805019
1998 1.84567901234569 13.0984085606672
2625 4.07361963190183 13.1025111377168
8646 4.71341463414625 13.106588622395
317 0.969696969696972 13.1106413197793
1669 1.84337349397591 13.1146695294166
1425 6.09580838323348 13.1186735454568
698 1.44642857142857 13.1226536567811
1213 3.60355029585794 13.1266101471276
978 2.28823529411764 13.1305432952124
54 3.33333333333336 13.1344533748474
2829 2.88953488372093 13.1383406550546
2575 3.68208092485546 13.1422054001774
8570 2.81034482758619 13.1460478699886
8645 4.7142857142857 13.1498683197946
6773 0.863636363636367 13.1536670005377
3615 6.09604519774016 13.1574441588948
2574 3.6797752808989 13.1612000373736
8647 4.71508379888272 13.1649348744061
2067 3.43333333333332 13.1686489044391
5405 4.71270718232045 13.1723423580228
1961 1.02197802197802 13.1760154618968
6896 4.13661202185785 13.1796684390732
6897 4.14130434782612 13.1833015089182
7416 0.2 13.1869148872311
7508 2.44623655913978 13.1905087863211
8573 2.81283422459894 13.194083415082
8572 2.81382978723402 13.1976389790655
3750 0.201058201058201 13.201175680552
270 0.2 13.2046937186192
8667 0.863874345549735 13.20819328921
6895 4.14062500000004 13.2116745851974
2000 1.83937823834197 13.2151377964488
8044 4.71134020618555 13.2185831098878
2074 6.19487179487177 13.2220107095547
807 4.07653061224495 13.2254207766659
9677 4.07614213197973 13.2288134896709
7935 3.30303030303033 13.2321890243086
5404 4.71356783919592 13.2355475536619
615 1.02 13.2388892482109
9678 4.07462686567169 13.242214275885
153 1.2029702970297 13.2455228021131
8574 2.81280788177344 13.2488149898734
313 2.60784313725489 13.2520909997417
1054 0.117073170731707 13.2553509899379
3250 4.2281553398059 13.258595116372
557 2.3816425120773 13.2618235326892
1319 5.47115384615399 13.2650363903131
7025 2.47368421052632 13.2682338384888
1057 0.119047619047619 13.2714160243239
1949 5.93364928909965 13.2745830928296
589 0.99528301886793 13.2777351869603
2772 1.79342723004696 13.2808724476519
1763 0.261682242990654 13.2839950138602
7024 2.46976744186049 13.2871030225974
8368 3.88888888888893 13.2901966089684
12237 4.88018433179717 13.2932759062059
7023 2.47247706422018 13.296341045705
3927 3.89041095890416 13.2993921570566
3929 3.89090909090905 13.3024293680805
2052 1.61990950226244 13.3054528048574
3926 3.89189189189195 13.3084625917604
12238 4.8789237668161 13.3114588514857
3928 3.88839285714282 13.3144417050823
13822 0.653333333333333 13.3174112719819
3285 2.20353982300883 13.3203676700271
3604 2.20264317180617 13.3233110154999
13848 4.00000000000004 13.3262414231485
13851 3.99999999999993 13.3291590062151
695 0.734782608695649 13.332063876461
404 4.44155844155849 13.3349561441934
3605 2.20258620689657 13.3378359182898
862 0.11587982832618 13.3407033062227
3606 2.2051282051282 13.3435584140841
9651 0.795744680851065 13.3464013466084
4682 0.394067796610169 13.349232207196
1624 2.00843881856538 13.3520510979357
3743 5.43277310924368 13.3548581196266
9650 0.794979079497906 13.3576533717999
485 5.43333333333335 13.3604369527402
9500 0.435684647302904 13.363208959506
1056 0.115702479338843 13.36596948795
1055 0.11522633744856 13.3687186327393
80 2.38114754098358 13.3714564873744
12893 5.32244897959175 13.3741831442087
4429 3.75609756097556 13.3768986944672
1270 2.88663967611338 13.3796032282642
9501 0.431451612903225 13.3822968346222
5268 0.200803212851405 13.3849796014887
9499 0.432 13.3876516157537
6772 0.912350597609561 13.3903129632668
10767 0.793650793650791 13.3929637288532
721 1.44664031620553 13.3956039963306
8605 0.862204724409447 13.3982338485246
985 1.92156862745097 13.4008533672845
2047 1.62109375 13.4034626334986
6781 1.70038910505836 13.4060617271091
13847 4.00000000000001 13.4086507271267
1985 2.01930501930502 13.4112297116453
12240 4.88076923076921 13.4137987578559
982 1.64367816091955 13.4163579420607
8421 1.63740458015266 13.4189073396863
151 1.20532319391635 13.4214470252974
13850 4.00000000000008 13.4239770726098
4568 1.81509433962264 13.4264975545031
6771 0.90977443609023 13.4290085430334
9050 5.43445692883876 13.4315101094457
484 5.4328358208956 13.4340023241862
13849 3.99999999999992 13.4364852569135
1948 5.9296296296297 13.4389589765112
3044 0.413284132841329 13.4414235510987
9051 5.43382352941195 13.4438790480429
1684 0.736263736263734 13.4463255339689
696 0.733576642335769 13.448763074771
13824 0.650909090909093 13.4511917356233
1007 0.0289855072463768 13.4536115809904
12236 4.88086642599284 13.4560226746371
209 5.94964028776999 13.4584250796393
4218 1.10752688172043 13.4608188583932
6139 6.19642857142882 13.4632040726251
4585 4.76868327402136 13.4655807834014
530 2.64539007092196 13.4679490511377
198 1.53356890459365 13.4703089356077
10718 0.862676056338027 13.4726604959531
12239 4.88070175438587 13.4750037906914
949 1.51398601398603 13.4773388777255
1008 0.0278745644599303 13.479665814352
10766 0.795138888888887 13.4819846572695
7769 0.404844290657439 13.4842954625872
13700 3.79655172413785 13.4865982858326
7768 0.405498281786941 13.4888931819599
4815 1.36643835616438 13.4911802053578
7507 6.11604095563149 13.493459409857
7022 2.46598639455781 13.495730848738
1751 2.0237288135593 13.4979945747388
10765 0.793918918918922 13.5002506400616
1128 1.31649831649832 13.5024990963807
7021 2.46644295302016 13.5047399948492
279 4.44147157190651 13.506973386106
3311 3.38000000000005 13.5091993202831
432 4.88039867109644 13.5114178470115
2051 1.61920529801323 13.5136290154288
9671 1.79867986798679 13.5158328741852
3846 1.79934210526318 13.5180294714497
7781 1.16721311475409 13.5202188549172
12212 3.56535947712417 13.5224010718138
1967 1.1042345276873 13.5245761689037
8314 3.37987012987015 13.5267441924946
593 1.00323624595469 13.5289051884441
7176 1.79677419354837 13.531059202165
5654 6.11254019292598 13.5332062786317
7320 3.99999999999999 13.5353464623852
2050 1.61980830670926 13.537479797539
6525 1.07643312101911 13.5396063277844
2049 1.61904761904761 13.541726096396
5395 0.417721518987342 13.5438391462369
1439 0.911671924290217 13.5459455197638
4005 3.86792452830186 13.5480452590324
7737 0.35423197492163 13.5501384057021
263 5.50624999999982 13.5522250010414
323 2.39563862928344 13.5543050859323
13854 0.484472049689442 13.5563787008752
13852 0.482972136222909 13.558445885994
7312 1.98148148148149 13.5605066810405
4019 0.680000000000002 13.5625611253987
8819 5.91104294478525 13.5646092580901
7751 1.09174311926606 13.5666511177771
231 5.94817073170714 13.5686867427683
3358 2.94224924012163 13.5707161710225
7673 0.154545454545455 13.5727394401526
157 2.05438066465259 13.5747565874303
11418 1.5843373493976 13.5767676497899
1987 5.28828828828811 13.5787726638325
4485 2.94311377245507 13.5807716658301
1223 0.026865671641791 13.582764691729
11420 1.58630952380952 13.5847517771544
1098 2.50741839762614 13.5867329574138
2097 0.630177514792901 13.5887082675009
588 4.65781710914456 13.5906777420992
765 0.261764705882353 13.5926414155857
7511 2.43988269794721 13.5945993220346
5109 2.7836257309942 13.5965514952207
548 1.95918367346942 13.5984979686229
691 5.46220930232555 13.6004387754279
546 1.95942028985508 13.6023739485332
1315 2.31213872832367 13.6043035205507
4002 3.86743515850136 13.6062275238102
829 0.293103448275862 13.6081459903619
3445 4.58166189111767 13.6100589519805
3443 4.57999999999985 13.6119664401679
7087 1.44444444444445 13.6138684861562
535 2.64488636363641 13.615765120911
196 1.53824362606232 13.6176563751344
533 2.64689265536724 13.6195422792681
4930 2.16901408450704 13.6214228634959
798 0.530898876404495 13.6232981577469
4164 4.6190476190476 13.6251681916987
8562 1.48044692737431 13.6270329947794
3444 4.5821727019498 13.6288925961711
545 1.95833333333333 13.6307470248124
7752 1.09141274238226 13.6325963094008
515 2.17679558011049 13.6344404783961
5190 4.91184573002744 13.6362795600222
547 1.9587912087912 13.6381135822701
4951 0.734246575342463 13.6399425729006
1196 3.96721311475414 13.6417665594465
13823 0.651226158038149 13.6435855692153
7159 0.910326086956517 13.6453996292915
6374 2.55013550135496 13.6472087665393
1222 0.027027027027027 13.6490130076044
8810 4.8194070080864 13.6508123789172
2708 6.12903225806485 13.6526069066943
73 0.294906166219839 13.6543966169415
5971 5.36631016042778 13.6561815354553
5380 1.41333333333333 13.6579616878259
1537 3.60638297872336 13.6597370994388
12223 3.63660477453589 13.6615077954776
534 2.64550264550266 13.6632738009253
13117 3.96833773087064 13.6650351405672
7310 1.16578947368421 13.6667918389925
7960 3.96850393700778 13.6685439205967
4428 3.91099476439799 13.6702914095833
7931 3.28720626631857 13.672034329966
9769 2.97135416666663 13.6737727055707
9772 2.97142857142857 13.6755065600374
2707 6.12694300518137 13.6772359168221
1848 1.03875968992248 13.6789607991988
9771 2.97164948453607 13.6806812302611
1984 2.01285347043699 13.6823972329245
7509 2.44102564102563 13.684108829928
12376 3.72378516624034 13.6858160438358
11417 1.58673469387756 13.6875188970392
11416 1.58524173027989 13.6892174117584
8808 4.81979695431481 13.6909116100442
11419 1.58481012658229 13.6926015137797
2120 3.66414141414148 13.6942871446819
684 0.564231738035266 13.6959685243037
1195 3.96733668341703 13.6976456740352
1746 3.96741854636584 13.6993186151055
7891 1.81749999999997 13.7009873685842
572 2.85536159600993 13.7026519553833
8809 4.82089552238813 13.7043123962583
11744 1.03722084367246 13.70596871181
4162 4.62128712871264 13.7076209224864
3558 1.70123456790122 13.7092690485833
7520 2.90394088669956 13.7109131102467
5192 4.91154791154776 13.712553127474
12459 0.595588235294116 13.714189120115
7458 4.41075794621021 13.7158211078741
8807 4.81951219512181 13.7174491103112
4003 3.87104622871059 13.7190731468431
4004 3.87135922330093 13.7206932367453
2907 2.39225181598062 13.7223093991529
4484 2.94202898550726 13.7239216530625
4163 4.6192771084336 13.7255300173327
2467 2.35096153846159 13.7271345106864
5191 4.9112709832134 13.7287351517115
9698 4.51913875598095 13.7303319588621
8814 1.16706443914082 13.7319249504603
5382 1.41428571428571 13.7335141446972
5379 1.41330166270784 13.7350995596338
12136 0.35308056872038 13.7366812132029
8664 0.874704491725769 13.7382591232098
13302 0.596698113207551 13.7398333073336
3509 3.9200000000001 13.7414037831285
9018 4.53286384976525 13.7429705680252
385 4.53395784543312 13.7445336793313
7510 2.44392523364481 13.7460931342334
5804 2.88111888111891 13.7476489497976
7754 1.09302325581396 13.7492011429707
7738 0.352668213457078 13.7507497305814
694 0.733796296296293 13.7522947293417
10006 1.44572748267899 13.7538361558472
7753 1.09216589861752 13.7553740265792
4034 4.45287356321829 13.7569083579047
8820 5.91284403669748 13.7584391660783
8821 5.91304347826109 13.7599664672426
754 2.30136986301374 13.7614902774299
1044 2.30068337129844 13.7630106125624
456 4.91136363636363 13.7645274884538
9699 4.51473922902494 13.7660409208101
10007 1.44570135746606 13.7675509252307
9696 4.51467268623044 13.769057517209
200 1.53603603603605 13.7705607121337
1983 2.01348314606745 13.7720605252897
11866 3.66367713004489 13.773556971859
9016 4.53243847874726 13.7750500669213
197 1.53571428571428 13.7765398254556
9770 2.97104677060129 13.7780262623404
108 2.17333333333329 13.7795093923552
7829 0.829268292682923 13.7809892301807
1945 1.48008849557522 13.7824657904004
5683 2.97130242825599 13.7839390875009
733 1.5066079295154 13.7854091358731
11865 3.66593406593405 13.7868759498129
6375 2.54824561403512 13.7883395435218
6386 2.54923413566737 13.7897999311084
8561 1.48034934497814 13.7912571265884
11745 1.03703703703704 13.7927111438859
3446 4.58043478260859 13.7941619968343
434 4.58134490238605 13.7956096991767
7695 2.54978354978355 13.7970542645667
5914 2.84449244060476 13.7984957065697
5381 1.41379310344829 13.7999340386631
5108 2.78279569892469 13.8013692742372
4685 1.41416309012875 13.802801426596
446 1.70021413276232 13.8042305089582
5193 4.91239316239315 13.8056565344573
152 1.20469083155651 13.8070795161431
88 2.30212765957449 13.8084994669817
9697 4.51592356687913 13.8099163998565
1491 1.16737288135594 13.8113303275693
205 2.67441860465112 13.8127412628402
7521 2.90295358649786 13.814149218309
5106 2.78315789473692 13.8155542065353
7828 0.829831932773107 13.8169562399999
7311 1.16561844863732 13.8183553311045
6563 1.47907949790794 13.8197514921732
6564 1.48016701461377 13.8211447354529
9017 4.53333333333324 13.8225350731135
2635 1.89397089397086 13.8239225172494
532 2.64522821576763 13.8253070798793
12903 2.28157349896481 13.8266887729473
924 0.0268595041322314 13.8280676083233
4161 4.62061855670102 13.8294435978039
5107 2.78189300411526 13.8308167531126
3946 2.94250513347029 13.8321870859006
4483 2.94057377049187 13.8335546077477
2731 1.72801635991821 13.8349193301622
2567 3.66530612244884 13.836281264582
1436 0.910386965376786 13.8376404223753
5004 5.39227642276408 13.8389968148405
1606 5.45436105476656 13.8403504532074
1157 1.23279352226721 13.8417013486375
8854 3.14949494949484 13.8430495122247
4018 0.677419354838714 13.8443949549955
1722 0.939637826961776 13.84573768791
1724 0.939759036144587 13.847077721862
1495 0.779559118236474 13.8484150676799
1496 0.780000000000001 13.849749736127
3348 4.21157684630728 13.8510817379022
3738 3.60557768924303 13.8524110836401
1186 1.27037773359841 13.8537377839121
6157 6.16666666666713 13.8550618492265
2468 2.35049504950495 13.8563832900292
13283 4.50197628458524 13.8577021167039
7606 6.16568047337234 13.859018339573
5270 2.21653543307086 13.8603319688979
13535 2.57956777996074 13.8616430148793
12555 2.58039215686274 13.8629514876578
5616 6.22309197651647 13.8642573973147
5072 5.263671875 13.8655607538719
6515 3.75828460038996 13.8668615672928
4035 4.45719844357975 13.8681598474824
1721 0.939805825242711 13.8694556042881
4702 1.14147286821706 13.8707488475
2595 3.60541586073493 13.8720395868512
12235 3.82046332046327 13.8733278320186
12232 3.82080924855474 13.8746135926228
10772 5.69807692307729 13.8758968782292
10775 5.69865642994213 13.8771776983478
453 0.235632183908045 13.878456062434
638 1.78202676864243 13.8797319798889
13703 3.79580152671747 13.8810054600596
13704 3.79428571428584 13.88227651224
2063 4.09315589353601 13.8835451456707
12225 3.63567362428851 13.8848113695398
12226 3.63636363636373 13.8860751929831
8698 2.99432892249518 13.8873366250845
3571 4.1943396226417 13.8885956748764
11841 1.37853107344634 13.8898523513402
1812 2.23872180451127 13.8911066634067
1810 2.24015009380865 13.8923586199561
12233 3.82022471910097 13.893608229819
5261 5.52897196261652 13.8948555017763
637 1.78171641791047 13.8961004445595
12682 4.30353817504667 13.8973430668515
804 5.38475836431214 13.8985833772868
7915 3.29313543599264 13.8998213844516
12234 3.82037037037047 13.9010570968845
2073 6.18669131238405 13.9022905230766
2072 6.18634686346889 13.903521671472
6308 2.50644567219161 13.9047505504682
4708 3.54227941176485 13.9059771684162
1782 4.85321100917418 13.9072015336211
9813 0.564102564102562 13.9084236543422
5259 5.52833638025587 13.9096435387936
2947 4.0255474452556 13.9108611951443
1497 0.781420765027327 13.9120766315186
8857 3.12545454545457 13.9132898559966
8858 3.12522686025397 13.9145008766142
745 6.10688405797073 13.9157097013636
11822 0.708860759493675 13.9169163381938
10374 1.77436823104695 13.9181207950104
3652 5.34594594594623 13.9193230796765
3653 5.34532374100757 13.9205232000126
9416 5.50448833034113 13.9217211637971
8139 2.69354838709675 13.9229169787665
2427 2.69409660107326 13.9241106526156
2944 4.02500000000023 13.9253021929984
3783 5.72370766488443 13.9264916075274
635 1.78291814946623 13.9276789037747
211 0.676731793960923 13.928864089272
13860 4.47517730496448 13.930047171511
13861 4.47433628318587 13.9312281579432
6307 2.5070671378092 13.932407055981
9586 4.35978835978833 13.9335838729974
2340 0.315140845070422 13.9347586163264
11428 4.76977152899845 13.9359312932631
11341 2.45263157894732 13.9371019110646
8020 4.77057793345027 13.9382704769496
6978 2.69405594405587 13.9394369980988
1882 5.6631762652705 13.9406014816554
1696 0.0505226480836237 13.9417639347253
900 4.36000000000015 13.9429243643772
13390 2.31076388888894 13.9440827776428
2538 4.26516464471407 13.9452391815176
13 2.39100346020756 13.9463935829605
5260 5.52849740932657 13.9475459888942
12471 0.758620689655165 13.9486964062059
464 0.759036144578306 13.9498448417469
8792 2.87113402061855 13.9509913023332
8855 3.15094339622647 13.9521357947459
5791 1.77397260273969 13.9532783257311
10375 1.77435897435897 13.9544189020002
2945 4.0255972696247 13.9555575302303
2946 4.02555366269146 13.9566942170643
4350 2.21598639455785 13.9578289691113
9214 3.91850594227489 13.9589617929466
4626 5.24576271186461 13.9600926951121
2754 0.191201353637902 13.9612216821163
2465 2.35135135135135 13.9623487604349
6411 3.75716694772362 13.9634739365107
11864 1.97474747474752 13.964597216754
9287 5.26554621848738 13.9657186075427
716 5.26510067114058 13.9668381152225
13269 4.74706867671686 13.9679557461073
9418 5.50501672240832 13.9690715064793
9417 5.50417362270489 13.9701854025892
13767 1.89333333333336 13.9712974406563
7827 0.830282861896838 13.9724076268691
10359 4.65780730897006 13.9735159673848
12979 1.87562189054731 13.9746224683304
9815 0.564569536423841 13.9757271358021
8856 3.12561983471067 13.9768299758661
1723 0.938943894389432 13.9779309945585
8853 3.14991762767721 13.9790301978852
774 1.87500000000004 13.980127591823
1968 1.10180623973728 13.9812231823188
10271 2.50655737704915 13.9823169752905
11427 4.77086743044187 13.9834089766266
9361 4.81045751633985 13.9844991921871
9511 1.10929853181077 13.9855876278031
6156 6.16612377850165 13.986674289277
2805 0.338211382113822 13.9877591823833
6590 2.74512987012979 13.9888423128679
8296 2.26256077795785 13.9899236864492
4373 2.26213592233005 13.9910033088174
13859 4.47495961227786 13.9920811856353
8140 2.69354838709676 13.9931573225383
4107 5.26570048309181 13.9942317251346
1874 0.52893890675241 13.995304399005
11564 4.78972712680579 13.9963753497039
4576 1.33653846153846 13.9974445827585
12272 2.75199999999996 13.9985121036699
4250 1.33706070287538 13.9995779179123
2357 3.01275917065398 14.0006420309342
12271 2.75318471337577 14.0017044481577
12252 4.79014308426087 14.0027651749792
6589 2.74444444444444 14.0038242167693
13819 5.32171156893806 14.0048815788731
12251 4.78955696202495 14.0059372666102
12253 4.78988941548198 14.006991285275
131 5.52839116719283 14.0080436401371
10360 4.65669291338556 14.0090943364407
10361 4.6572327044024 14.0101433794057
5092 2.74411302982731 14.011190774227
9298 1.692789968652 14.0122365260754
2788 5.32081377151797 14.0132806400973
9362 4.81093750000002 14.0143231214147
1923 2.41497659906392 14.015363975126
13867 2.41588785046722 14.0164032063056
5504 2.41524105754285 14.017440820004
5808 1.51863354037265 14.0184768212485
6126 1.31472868217052 14.0195112150428
6125 1.31578947368422 14.0205440063673
4432 3.74961360123661 14.0215752001795
13866 2.41512345679003 14.0226048014138
1947 5.93066255778077 14.0236328149816
622 2.84307692307697 14.024659245772
9814 0.56374807987711 14.0256840986513
71 4.39263803680969 14.0267073784634
426 4.31546707503807 14.0277290900299
4052 1.74617737003055 14.0287492381504
13855 0.483969465648858 14.0297678276024
1375 1.87499999999995 14.0307848631416
1374 1.87519025875195 14.031800349502
1712 4.35866261398176 14.0328142913958
4683 5.36115326251906 14.0338266935139
20 5.36060606060631 14.0348375605259
4810 1.69288956127081 14.03584689708
6782 1.69335347432027 14.0368547078036
766 0.31523378582202 14.0378609973028
4379 2.6084337349397 14.0388657701632
3999 4.3924812030075 14.0398690309495
312 2.60960960960952 14.0408707842058
2405 4.85007496251886 14.041871034456
1953 5.34431137724546 14.0428697862033
2917 3.94768310911823 14.0438670439311
1813 2.23880597014927 14.0448628121023
9510 1.10879284649777 14.04585709516
7914 1.31547619047621 14.0468498975277
808 1.72362555720653 14.0478412236087
455 2.39762611275974 14.0488310777871
8232 1.19851851851852 14.0498194644273
8429 0.00739644970414201 14.0508063878742
10156 0.00738552437223043 14.0517918524538
577 4.22713864306803 14.0527758624725
7579 6.22385861561117 14.053758422218
4844 2.60882352941176 14.054739535959
2466 2.35095447870775 14.0557192079453
13853 0.483870967741935 14.0566974424079
11823 0.710102489019042 14.0576742435594
1190 0.709064327485383 14.0586496155939
3062 1.37810218978102 14.0596235626871
6614 2.02915451895049 14.0605960889962
6616 2.02911208151386 14.0615671986605
12557 2.57994186046509 14.0625368958011
12556 2.58055152394779 14.0635051845214
6274 3.16376811594191 14.0644720689065
133 0.709117221418238 14.065437553024
13874 0.978323699421955 14.066401640924
44 2.17316017316012 14.0673643366389
12270 2.75216138328521 14.0683256441835
4430 3.74964028776961 14.0692855675554
11342 2.45258620689657 14.0702441107352
11842 1.37733142037305 14.0712012776859
4705 3.5429799426936 14.0721570723538
4706 3.54220314735327 14.0731114986681
13862 4.47571428571421 14.0740645605412
901 4.20827389443634 14.0750162618686
2579 1.74501424501421 14.0759666065295
1826 1.74537695590323 14.076915598386
1407 4.20880681818186 14.0778632412843
2804 0.339007092198582 14.0788095390538
1939 0.338526912181304 14.0797544955077
82 5.666195190948 14.0806981144433
11591 2.07344632768366 14.0816403996414
10028 4.93088857545855 14.082581354867
10027 4.93098591549341 14.0835209838692
2636 1.89451476793251 14.0844592903811
2558 0.314606741573033 14.0853962781202
6786 1.07012622720899 14.0863319507884
764 0.315126050420167 14.087266312072
2315 4.74825174825187 14.0881993656416
13271 4.74720670391042 14.0891311151527
3576 3.26778242677812 14.0900615642453
1922 0.757660167130912 14.0909907165444
5047 3.795549374131 14.0919185756596
39 0.463888888888888 14.0928451451857
1811 2.23994452149792 14.0937704287022
2197 4.56094182825486 14.0946944297741
5826 1.08437067773167 14.0956171519514
5825 1.08425414364641 14.0965385987694
7243 1.73103448275866 14.0974587737487
3654 5.34435261707975 14.0983776803954
11815 1.36451169188443 14.0992953222013
12612 4.18681318681323 14.1002117026434
12613 4.1879286694101 14.1011268251847
9836 3.26712328767133 14.1020406932739
11814 1.3652530779754 14.1029533103454
9213 3.91803278688504 14.1038646798198
10639 0.463847203274213 14.1047748051034
10893 0.373297002724797 14.1056836895886
1824 1.74557823129256 14.1065913366541
4707 3.54211956521726 14.1074977496648
13811 0.758480325644502 14.1084029319718
450 4.20054200541992 14.1093068869126
4157 2.86603518267941 14.1102096178111
4159 2.8662162162162 14.1111111279777
4125 4.31578947368398 14.1120114207096
8791 2.87196765498662 14.1129104992905
13825 0.658142664872146 14.1138083669908
6138 6.19892473118249 14.1147050270676
12317 6.01744966443009 14.1156004827653
578 4.19436997319045 14.1164947373148
6137 6.19812583668013 14.1173877939341
6567 1.51871657754007 14.1182796558286
10453 4.85714285714263 14.1191703261904
9505 0.917333333333325 14.1200598081992
7826 0.829560585885479 14.1209481050217
2556 4.93085106382972 14.1218352198121
5644 6.13014608233731 14.1227211557122
9049 1.89389920424408 14.1236059158509
2555 4.93112582781443 14.1244895033449
8155 5.81349206349227 14.1253719212986
8699 2.99471598414804 14.1262531728039
8157 5.81398416886593 14.1271332609405
9822 0.154150197628459 14.128012188776
6273 3.16315789473674 14.1288899593658
6615 2.02890932982913 14.1297665757534
1316 2.31627296587925 14.13064204097
1805 3.16251638269992 14.1315163580352
4577 1.336387434555 14.1323895299566
4251 1.33725490196078 14.1332615597299
9824 0.154046997389034 14.1341324503393
9823 0.153846153846154 14.1350022047571
1328 5.94270833333307 14.135870825944
13270 4.74772431729543 14.1367383168493
2076 6.18831168831117 14.1376046804107
13830 6.25940337224382 14.1384699195545
12224 3.63601036269431 14.1393340371954
5134 4.61190168175944 14.1401970362372
5135 4.61111111111116 14.1410589195721
5133 4.61161290322588 14.1419196900811
208 5.95489690721715 14.1427793506344
9659 1.05405405405406 14.1436379040907
2396 1.20694087403597 14.1444953532978
10774 5.69448010269627 14.1453517010927
697 0.741025641025639 14.1462069503013
3350 2.99359795134431 14.1470611037387
8697 2.99360613810753 14.1479141642091
1291 4.20051085568351 14.1487661345061
9835 3.26785714285726 14.1496170174125
10158 0.00636942675159236 14.1504668157005
1827 3.26717557251927 14.1513155321317
8156 5.81321473951728 14.1521631694572
10157 0.00634517766497462 14.1530097304175
9363 4.81115335868175 14.1538552177428
12316 6.01772151898737 14.154699634153
12318 6.01769911504473 14.1555429823574
8231 1.19823232323234 14.1563852650552
1873 0.529634300126101 14.1572264849355
7607 6.16624685138511 14.158066644677
3053 1.56603773584906 14.1589057469485
19 4.5062814070351 14.1597437944085
7578 6.22333751568357 14.1605807897057
5617 6.22305764411093 14.1614167354788
4679 0.397997496871087 14.1622516343564
146 5.64124999999995 14.1630854889575
421 5.37827715355795 14.1639183018912
1814 4.2618453865336 14.1647500757566
12249 5.64134495641289 14.1655808131434
7782 5.65796019900507 14.1664105166316
5548 1.56521739130437 14.1672391887913
2202 2.28784119106705 14.1680668321833
3878 0.521685254027261 14.1688934493589
5867 3.2809405940592 14.1697190428596
12229 4.67614338689733 14.1705436152179
2821 0.209876543209877 14.1713671689566
2610 2.15166461159066 14.1721897065892
2358 3.01231527093602 14.17301123062
1765 0.268142681426815 14.1738317435441
8860 1.29729729729729 14.1746512478473
9309 0.214723926380368 14.1754697460062
3336 5.95710784313724 14.1762872404883
2751 3.59730722154205 14.1771037337523
1640 0.17237163814181 14.1779192282474
1075 5.96092796092794 14.1787337264143
7058 2.92439024390227 14.1795472306844
7226 1.08038976857492 14.1803597434805
1001 0.50243309002433 14.1811712672164
5812 1.52490886998788 14.181981804297
6327 1.35922330097088 14.1827913571186
11581 1.12606060606061 14.1835999280687
2082 0.891041162227611 14.1844075195262
8946 3.41837968561052 14.1852141338614
4584 4.76328502415438 14.1860197734358
4713 3.83715319662221 14.1868244406024
8859 1.29759036144578 14.187628137706
363 1.29723225030085 14.1884308670826
583 1.04687500000002 14.1892326310597
1572 3.77791116446554 14.1900334319568
1707 4.06354916067146 14.1908332720847
1764 0.268263473053892 14.1916321537462
2904 1.94019138755985 14.1924300792354
7346 1.94026284348871 14.1932270508386
9555 2.7100238663484 14.1940230708336
13865 5.88319427890391 14.1948181414904
2490 5.23095238095282 14.1956122650705
2213 0.501783590963137 14.1964054438275
1009 0.0332541567695962 14.1971976800071
1581 5.94306049822035 14.1979889758468
13803 3.56635071090058 14.1987793335762
4767 3.02721893491116 14.199568755417
881 2.29550827423166 14.2003572435831
1080 0.293978748524203 14.2011448002803
1986 5.28891509433994 14.2019314277069
7757 2.33451118963488 14.2027171280531
7423 4.56117647058789 14.2035019035018
5194 1.92009400705056 14.2042857562278
2199 4.56103286385012 14.2050686883985
447 5.73856975381014 14.2058507021734
1309 5.37353629976604 14.2066317997046
10793 3.58245614035074 14.2074119831368
10792 3.58294392523354 14.2081912546067
11390 0.393232205367564 14.2089696162441
599 1.27039627039628 14.2097470701709
5795 2.62747380675193 14.2105236185018
5796 2.62790697674408 14.211299263344
4629 6.08710801393801 14.2120740067974
13868 3.25290023201848 14.2128478509547
2359 3.01158748551578 14.2136207979012
14433 3.52777777777786 14.214392849715
8464 1.92601156069371 14.2151640084668
492 1.92609699769049 14.2159342762205
12380 3.72318339100335 14.2167036550326
9182 1.26267281105989 14.2174721469525
5955 1.67894131185265 14.2182397540225
8799 4.41149425287345 14.219006478278
3632 2.32146957520101 14.2197723217473
3633 2.3211009174312 14.2205372864516
6360 5.54410080183274 14.2213013744053
7455 3.70823798627017 14.2220645876159
13892 0.61257142857143 14.222826928084
6328 1.35958904109592 14.2235883978032
7454 3.70809578107171 14.2243489987604
10640 0.463553530751708 14.2251087329357
11382 0.37428896473265 14.2258676023024
9963 5.30454545454509 14.2266256088271
9964 5.30419977298486 14.2273827544697
8043 2.05328798185938 14.2281390411834
12210 0.138165345413364 14.2288944709149
351 1.21153846153846 14.229649045604
12209 0.137853107344633 14.2304027671842
8800 4.41196388261878 14.2311556375823
173 4.64148816234502 14.2319076587186
2043 4.43918918918917 14.232658832507
4816 1.3543307086614 14.2334091608549
13858 0.478651685393256 14.234158645663
11582 1.1257014590348 14.2349072888261
10656 1.12668161434976 14.2356550922323
1978 0.580067189249721 14.2364020577633
5417 0.57941834451902 14.2371481872946
7796 3.90614525139643 14.2378934826955
12515 1.70647321428568 14.2386379458289
12412 1.70680044593091 14.2393815785514
2270 5.40757238307341 14.2401243827137
3581 3.94771968854268 14.24086636016
13893 0.61333333333333 14.2416075127285
489 4.64150943396232 14.2423478422511
13841 6.25942350332557 14.243087350554
13095 1.18383167220375 14.2438260394569
840 1.18362831858408 14.2445639107737
9244 3.94696132596652 14.2453009663122
12953 4.44481236203089 14.2460372078742
13881 5.48952590959155 14.2467726372557
1378 4.39207048458133 14.2475072562464
12575 5.48954895489608 14.2482410666306
1000 0.502197802197801 14.2489740701862
4689 6.0109769484087 14.2497062686856
7242 1.73135964912284 14.2504376638951
732 1.50383351588174 14.2511682575756
731 1.50437636761486 14.2518980514817
12214 2.52349726775956 14.2526270473626
12216 2.52292576419209 14.2533552469617
8097 3.76335877862591 14.2540826520166
1251 1.83006535947716 14.2548092642592
315 4.39608269858532 14.255535085416
4007 1.39673913043478 14.2562601172076
2423 1.39739413680782 14.2569843613491
12140 4.27874186550969 14.25770781955
4328 2.4918743228601 14.2584304935142
6625 3.92424242424266 14.25915238494
13818 5.3254054054059 14.2598734955205
5957 1.67926565874732 14.260593826943
4036 4.45523193095986 14.2613133808895
5956 1.67887931034486 14.2620321590364
10892 0.369214208826697 14.2627501630548
9052 0.824731182795709 14.2634673946105
267 0.548872180451128 14.2641838553636
3478 4.59763948497825 14.2648995469693
3480 4.59807073954978 14.2656144710771
3057 2.92398286937884 14.2663286293315
7059 2.92406417112286 14.2670420233714
11837 5.59188034188098 14.2677546548306
13832 1.60192102454639 14.2684665253379
10153 4.82729211087414 14.2691776365164
12892 5.316293929712 14.2698879899844
8480 3.03936170212751 14.270597587355
11768 5.95217853347556 14.2713064302358
4345 4.52547770700621 14.2720145202298
9611 4.3796394485684 14.2727218589346
2027 1.32097457627123 14.2734284479426
12321 0.298412698412698 14.2741342888414
8275 1.24630021141648 14.2748393832135
8276 1.24604012671593 14.2755437326363
7785 1.01160337552744 14.2762473386823
11112 1.75869336143307 14.2769502029189
13871 0.844210526315803 14.2776523269086
1050 0.548895899053625 14.2783537122092
12259 1.46533613445378 14.2790543603732
12255 0.256033578174186 14.2797542729484
7081 1.26310272536685 14.2804534514778
405 4.43560209424057 14.2811518974994
1771 3.25313807531377 14.2818496125465
9610 4.37931034482747 14.2825465981476
3479 4.59812108559521 14.2832428558262
4378 4.37956204379581 14.2839383871012
1770 3.2531249999999 14.2846331934868
4330 2.49219562955258 14.2853272764924
12221 0.813929313929299 14.2860206376227
81 5.39563862928332 14.2867132783777
212 4.32987551867218 14.2874052002526
1498 6.23626943005117 14.2880964047382
1500 6.23602484472 14.2887868933206
454 0.235780765253361 14.2894766674811
11113 1.75929752066112 14.2901657286966
7764 1.75851393188852 14.2908540784394
4329 2.49175257731958 14.2915417181772
6740 2.89701338825953 14.2922286493731
3141 5.21913580246892 14.2929148734859
14381 3.24049331963011 14.2936003919696
490 4.64168377823442 14.2942852062739
3100 4.42461538461501 14.2949693178441
11391 0.393442622950816 14.295652728121
9114 1.01125895598772 14.2963354385408
931 3.527607361963 14.2970174505355
8975 3.77834525025555 14.2976987655326
8484 3.77857142857156 14.2983793849553
13833 1.60244648318047 14.2990593102225
6113 4.32993890020403 14.2997385427486
11181 2.72126144455756 14.3004170839437
11182 2.72154471544708 14.3010949352138
4703 1.14213197969542 14.3017720979603
13831 1.60243407707914 14.3024485735807
11741 1.91894630192496 14.3031243634679
4704 1.14271255060729 14.3037994690108
10943 3.62184024266925 14.3044738915941
10944 3.62222222222231 14.305147632598
12220 0.814328960645797 14.3058206933989
266 0.549395161290328 14.3064930753688
12222 0.813695871097686 14.3071647798757
5082 4.32293762575434 14.3078358082833
5081 4.32361809045186 14.3085061619513
7179 1.80622489959841 14.3091758422353
8381 4.70210631895661 14.3098448504868
8382 4.70240480961882 14.3105131880532
12211 0.138138138138138 14.311180856278
1817 3.93499999999968 14.3118478565003
3515 5.73826173826209 14.3125141900557
831 5.73852295409149 14.3131798582755
9310 0.214356929212362 14.3138448624869
10131 3.24103585657398 14.3145092040134
13884 4.45174129353277 14.3151728841744
1173 1.32107355864808 14.3158359042854
6052 3.24131082423042 14.316498265658
9295 6.15277777777772 14.3171599695998
12098 6.15262636273589 14.3178210174147
1499 6.23663366336534 14.3184814104025
6238 3.87932739861564 14.3191411498592
10702 2.05335968379457 14.3198002370772
4049 5.8716683119448 14.3204586733447
9297 6.15285996055269 14.3211164599463
8463 4.72216748768434 14.3217735981628
8462 4.72145669291367 14.3224300892712
3169 2.66175024582099 14.3230859345446
3465 2.66110019646366 14.3237411352526
3466 2.66143277723251 14.3243956926607
4287 1.42843137254901 14.3250496080311
4288 1.42801175318317 14.325702882622
6869 2.15166340508801 14.326355517688
6870 2.15151515151515 14.32700751448
13190 0.84375 14.3276588742452
2334 1.94048780487805 14.3283095982273
13836 1.27680311890841 14.3289596876661
1833 4.26290165530718 14.329609143798
12142 4.27918287937742 14.3302579678557
12141 4.27891156462597 14.3309061610683
4403 5.80194174757223 14.3315537246614
4402 5.80213385063066 14.3322006598569
12250 5.64147286821623 14.3328469678733
13872 0.844143272023241 14.3334926499253
286 1.45261121856864 14.3341377072245
13814 4.85990338164248 14.3347821409786
13815 4.86003861003906 14.3354259523919
7800 1.71070395371268 14.3360691426653
7204 4.31117533718709 14.3367117129961
2498 3.62175168431175 14.3373536645784
6728 0.235576923076922 14.3379949986025
4089 3.98270893371743 14.3386357162556
973 2.36468330134347 14.3392758187211
1093 5.71140939597323 14.3399153071794
730 6.10344827586248 14.3405541828073
1077 5.7119617224888 14.3411924467782
13828 3.73709369024853 14.3418301002622
1599 1.72779369627503 14.3424671444259
5982 1.45229007633586 14.3431035804329
9965 5.30409914204048 14.3437394094431
8341 2.56666666666679 14.3443746326133
8277 1.24643196955283 14.3450092510969
226 3.98288973384055 14.345643266044
1203 3.9829059829056 14.3462766786016
6486 2.56641366223915 14.3469094899131
3228 0.467298578199055 14.347541701119
12257 0.262310606060606 14.3481733133564
8342 2.56669820245973 14.3488043277591
6642 2.33459357277877 14.3494347454577
10703 0.423040604343717 14.3500645675799
5547 1.5650943396227 14.3506937952497
1918 4.4882186616403 14.3513224295882
11180 2.72128060263636 14.3519504717135
1211 2.33490122295382 14.3525779227402
11793 2.07330827067678 14.35320478378
62 5.63004694835731 14.3538310559413
8150 5.62945590994341 14.3544567403294
3371 2.07310215557646 14.3550818380468
13094 1.1835205992509 14.3557063501923
10154 4.82694106641689 14.3563302778623
13755 3.80093457943887 14.3569536221496
1322 3.95144724556488 14.3575763841441
4814 1.35541044776121 14.3581985649327
13754 3.80149114631859 14.3588201655994
219 5.74953445065212 14.3594411872248
12190 3.65023255813984 14.3600616308868
12191 3.65055762081775 14.3606814976601
12215 2.52367688022284 14.3613007886165
1252 1.82838589981452 14.3619195048249
2502 5.59221501390151 14.362537647351
12256 0.25648148148148 14.3631552172578
2464 4.89731729879705 14.3637722156051
2616 5.40757855822572 14.3643886434499
1250 4.89750692520841 14.3650045018462
466 5.24630996310012 14.3656197918453
1269 3.73732718893974 14.3662345144953
13827 3.73756906077367 14.3668486708415
14432 3.52713891444365 14.3674622619264
3788 3.61029411764723 14.3680752887895
9179 5.82185491276423 14.3686877524676
8337 1.6385321100917 14.3692996539944
2617 5.40788267644321 14.369910994401
2487 4.70604395604394 14.3705217747155
3877 0.522415370539796 14.3711319959633
13802 3.56581352833623 14.3717416591669
1988 5.28858447488601 14.372350765346
13810 5.283759124087 14.3729593155176
13809 5.28441203281713 14.3735673106957
5915 3.02641165755935 14.3741747518919
4766 3.02638762511361 14.3747816401147
6234 2.709090909091 14.3753879763699
9556 2.70935513169829 14.3759937616607
1318 5.38929219600767 14.3765989969875
4712 3.8368087035361 14.3772036833479
4714 3.83695652173894 14.3778078217369
1942 4.8968325791855 14.3784114131468
4216 1.5298372513562 14.3790144585671
4586 4.76422764227631 14.3796169589847
10791 3.58303249097478 14.3802189153837
12576 5.48963029756515 14.3808203287458
2488 4.70630630630693 14.3814212000498
7456 3.70837083708348 14.382021530272
4047 5.87140287769748 14.3826213203859
4048 5.87151841868865 14.3832205713626
6506 5.72441651705612 14.3838192841704
6505 5.72466367712959 14.3844174597751
2763 0.0627240143369176 14.3850150991398
9339 5.2193375111904 14.3856122032251
868 2.6270125223614 14.3862087729889
8422 1.63896336014295 14.3868048093869
12231 4.67589285714297 14.3874003133717
4099 4.94290811775217 14.3879952858937
9340 5.21925133689875 14.3885897279007
8354 2.16918967052531 14.3891836403379
206 2.67526690391462 14.389777024148
204 2.67555555555568 14.3903698802713
8651 5.71136767317936 14.3909622096453
3646 3.65039929015101 14.3915540132054
4727 3.91223404255314 14.3921452918843
9180 5.82108060230345 14.392736046612
4426 3.91238938053137 14.3933262783165
13806 3.5614500442084 14.393915987923
12230 4.67579505300357 14.3945051763543
6858 5.54368932038797 14.3950938445309
6359 5.5440917107591 14.3956819933707
3084 0.985903083700429 14.3962696237893
1444 0.279049295774648 14.3968567366996
169 0.696569920844335 14.3974433330126
6310 5.06414762741623 14.3980294136364
890 0.279192273924494 14.398614979477
4109 0.634210526315791 14.3992000314379
12315 5.63014899211184 14.3997845704203
4006 1.39754816112088 14.4003685973229
428 5.65879265091785 14.4009521130421
5876 1.52447552447548 14.4015351184721
260 6.0873362445408 14.4021176145045
12381 3.72338568935415 14.4026996020287
9948 2.84394071490835 14.4032810819318
12245 2.95731707317086 14.4038620550986
913 0.986074847693634 14.4044425224114
8479 3.03913043478272 14.4050224847504
6066 3.03909643787998 14.4056019429935
2406 4.85069444444385 14.4061808980161
5374 1.50997398091933 14.4067593506916
6239 3.87954939341466 14.4073373018909
7315 3.56103896103909 14.4079147524828
7801 1.71020761245669 14.4084917033338
1875 0.534140017286089 14.409068155308
4286 1.42832469775473 14.4096441092675
6268 5.74978429680804 14.4102195660721
25 0.207758620689656 14.4107945265792
13837 1.27562446167093 14.4113689916442
891 0.278829604130807 14.4119429621202
7498 0.19432502149613 14.412516438858
3129 4.34621993127146 14.4130894227065
7497 0.193991416309014 14.4136619145121
13846 1.72126929674103 14.4142339151192
2750 3.59897172236478 14.41480542537
1641 0.172089041095891 14.4153764461044
5416 0.579982891360128 14.4159469781603
1639 0.172649572649572 14.4165170223735
13863 5.88385994876135 14.4170865795774
13864 5.88395904436799 14.4176556506036
1129 0.289855072463768 14.4182242362812
8173 5.74957410562153 14.4187923374376
575 1.90638297872336 14.4193599548978
576 1.90646258503405 14.4199270894846
8743 4.4876805437548 14.4204937420191
3052 1.56960950764001 14.4210599133199
6057 2.04071246819343 14.4216256042038
6058 2.04067796610177 14.4221908154854
12244 2.6037256562234 14.4227555479772
6265 3.84771573604043 14.4233198024896
6266 3.8478444632294 14.4238835798312
13805 0.952702702702715 14.4244468808082
13804 0.952742616033744 14.4250097062251
13869 4.03794266441801 14.425572056884
2121 4.03791069924139 14.4261339335854
57 3.04966329966338 14.4266953371273
56 3.04962153069802 14.4272562683061
570 1.86302521008403 14.427816727916
569 1.86314021830387 14.4283767167491
9560 6.21140939597373 14.4289362355958
9561 6.21123218776252 14.4294952852442
12246 2.95728643216087 14.4300538664806
946 2.67112970711279 14.4306119800893
4957 1.26672240802681 14.4311696268526
948 5.06432748538017 14.4317268075509
5489 0.696160267111851 14.4322835229625
13879 1.49374478732273 14.4328397738639
13878 1.49416666666663 14.4333955610296
6062 4.55037468776002 14.4339508852322
3569 4.54991680532475 14.4345057472424
1027 4.73566084788026 14.4350601478287
1026 4.73588039867053 14.4356140877581
12715 2.54190871369294 14.4361675677954
11425 4.94278606965177 14.4367205887037
11407 5.23115161557567 14.4372731512439
9949 0.0629139072847681 14.4378252561754
13889 6.2646815550047 14.4383769042554
7672 0.158677685950414 14.4389280962394
1382 1.6589595375722 14.439478832881
11920 0.683168316831687 14.4400291149318
2795 2.08408903544918 14.4405789431416
1344 2.51153212520596 14.4411283182585
12497 1.63539094650208 14.4416772410287
2980 2.59210526315796 14.4422257121963
7457 4.40755957271968 14.4427737325039
2979 2.59195402298859 14.4433213026921
12580 3.72764561115679 14.4438684234998
1919 4.49098360655759 14.4444150956638
3784 5.72072072072041 14.4449613199194
623 2.83960720130921 14.4455070969999
567 3.23058053965649 14.446052427637
568 3.23039215686273 14.4465973125604
7093 1.22122448979593 14.4471417524981
1638 1.22104404567699 14.4476857481764
3739 0.927465362673161 14.4482293003195
778 0.927524429967427 14.4487724096503
6638 0.231895850284786 14.4493150768896
11204 1.15284552845529 14.4498573027566
11203 1.15272136474412 14.4503990879686
4922 3.51704545454514 14.4509404332412
4923 3.5174371451745 14.4514813392885
3387 2.36466774716363 14.4520218068225
13857 2.61376518218636 14.4525618365536
13402 1.55501618122973 14.4531014291907
395 4.22312045270815 14.4536405854406
150 1.5549273021002 14.4541793060086
791 5.20903954802177 14.4547175915983
794 5.20887096774249 14.4552554429116
1520 5.24979854955614 14.4557928606487
2808 5.55394524959659 14.4563298455079
13842 5.5543041029757 14.4568663981861
8168 0.453376205787778 14.4574025193783
8167 0.453012048192766 14.4579382097781
13891 2.07704654895673 14.4584734700772
13834 2.25100240577382 14.4590083009656
13835 2.25160256410266 14.4595427031318
3461 0.246597277822259 14.4600766772626
2169 0.246399999999999 14.4606102240431
13404 0.32613908872902 14.4611433441569
298 2.42651757188514 14.4616760382856
280 4.44772545889868 14.4622083071096
12192 1.23285486443384 14.4627401513075
9559 2.42629482071699 14.4632715715562
693 0.326433121019111 14.463802568531
4382 1.54335719968173 14.4643331429057
12268 5.32909379968157 14.4648632953525
2086 2.82525814138208 14.4653930265418
4116 5.63809523809522 14.4659223371426
6332 2.22759714512291 14.4664512278222
7644 2.22741679873212 14.4669796992464
13650 4.84006334125114 14.4675077520792
3356 3.93512658227809 14.4680353869835
12213 3.56996047430828 14.46856260462
13875 4.68562401263838 14.4690894056483
13876 4.68587213891044 14.4696157907263
13651 4.83990536277632 14.4701417605104
13829 6.25531914893544 14.4706673156552
3323 1.28031496062991 14.471192456814
9205 1.25885129819036 14.4717171846386
6582 2.35534591194963 14.472241499779
12288 1.65357423409274 14.4727654028839
11336 1.4403453689168 14.4732888946003
8935 2.60078431372554 14.4738119755739
10677 1.9929467084639 14.4743346464487
2613 2.05794831636646 14.4748569078673
5468 1.22926447574333 14.4753787604706
7805 3.89992181391742 14.4759002048981
3101 4.42421875000047 14.476421241788
2433 1.46526151444184 14.4769418717767
1410 4.28861154446185 14.4774620954993
6885 2.73109898674992 14.4779819135893
6884 2.73130841121487 14.4785013266789
531 2.64046692607003 14.4790203353985
1584 4.42768273716906 14.4795389403773
2004 5.07303807303865 14.480057142243
12266 5.07375776397596 14.4805749416218
13885 3.6408068269975 14.4810923391384
14370 2.14186046511639 14.4816093354161
3420 1.9899302865995 14.4821259310767
806 4.28869969040203 14.4826421267406
2787 5.31863882443884 14.4831579230268
4042 6.27975270479032 14.4836733205528
4043 6.27953667953733 14.4841883199347
14369 2.14197530864191 14.4847029217871
4364 2.37625289128765 14.4852171267232
3205 3.05855161787341 14.4857309353549
3206 3.05850654349484 14.4862443482927
2042 1.37230769230771 14.4867573661453
3827 0.0499615680245964 14.4872699895206
2437 0.568356374807992 14.4877822190246
3702 1.46815042210288 14.4882940552621
12264 5.24233128834326 14.4888054988366
13882 0.720306513409974 14.4893165503501
13883 0.720520673813157 14.4898272104032
2025 5.86228003060542 14.4903374795951
4354 5.86238532110183 14.4908473585237
12242 0.223834988540869 14.4913568477855
12243 0.223664122137406 14.4918659479757
9138 6.26773455377657 14.492374659688
3296 3.01600609756117 14.4928829835149
5871 2.67859862909359 14.4933909200474
7592 0.605783866057852 14.4938984698753
8715 4.25247148288951 14.4944056335868
8716 4.25227963525796 14.4949124117691
13888 3.76537585421376 14.4954188050078
10217 2.10091047040984 14.4959248138872
4990 4.01440485216105 14.4964304389905
4991 4.01439393939442 14.4969356808992
12248 5.75851627554788 14.4974405401938
12219 6.25189107412884 14.4979450174533
2309 2.98337112622818 14.4984491132556
4118 2.98338368580068 14.4989528281769
6647 3.22188679245271 14.4994561627925
12247 5.75867269984915 14.4999591176761
6646 3.22155237377518 14.5004616934004
13411 4.80045180722889 14.5009638905365
627 2.18811136192629 14.5014657096544
7165 2.18872180451127 14.5019671513228
801 4.37039819684444 14.502468216109
800 4.37012012012038 14.5029689045791
13873 4.80045011252845 14.5034692172981
2133 3.55247376311832 14.5039691548293
2134 3.55280898876388 14.5044687177352
3046 5.89221556886334 14.5049679065766
3047 5.89229618548933 14.5054667219135
6312 0.769058295964136 14.5059651643044
8388 1.52203136669159 14.5064632343064
6313 0.769402985074634 14.5069609324756
3000 3.80984340044718 14.5074582593667
2999 3.80998509687064 14.5079552155333
4744 4.33655994043126 14.5084518015277
8446 2.04985119047628 14.508948017901
13845 2.9546468401485 14.5094438652029
7596 4.55720653789003 14.509939343982
11403 5.23979213066048 14.5104344547858
352 0.181008902077151 14.5109291981604
353 0.180874722016308 14.5114235746508
2770 1.80370370370365 14.5119175848006
3630 5.51813471502586 14.5124112291524
3631 5.51775147929015 14.5129045082475
1567 0.787139689578708 14.5133974226261
715 2.36189069423932 14.5138899728271
1263 4.2302583025835 14.5143821593881
1648 5.27581120943907 14.5148739828458
6403 5.27560795873202 14.5153654437355
1818 5.41678939617082 14.5158565425913
4480 1.27373068432671 14.5163472799463
1107 5.41617647058925 14.5168376563323
984 1.92285084496703 14.5173276722799
12241 0.968428781204119 14.5178173283186
8983 1.17168011738808 14.5183066249766
955 1.28812316715542 14.5187955627812
956 1.28791208791208 14.5192841422583
5966 5.20058565153708 14.5197723639327
3014 5.20043891733783 14.5202602283282
2865 5.05628654970774 14.5207477359672
2864 5.05624543462458 14.5212348873712
122 6.27080291970727 14.5217216830604
2079 5.22830051057632 14.5222081235538
2653 6.26239067055276 14.5226942093695
5021 0.511289147851416 14.5231799410242
6535 0.510917030567692 14.5236653190338
5321 3.69963636363619 14.5241503439127
767 5.50944767441785 14.5246350161744
5320 3.69934640522839 14.5251193363314
12254 6.24891146589334 14.5256033048947
8100 5.06163886874584 14.5260869223745
676 2.5391304347825 14.5265701892798
552 6.27371469949435 14.5270531061184
137 6.17655571635335 14.5275356733973
8648 0.890817064352877 14.5280178916221
138 6.17630057803397 14.5284997612973
5221 0.893862815884487 14.5289812829265
297 6.10101010101107 14.5294624570121
2877 5.62148521989978 14.5299432840555
2876 5.62103746397776 14.5304237645568
13894 1.645788336933 14.5309038990151
154 4.95107913669067 14.5313836879287
13134 4.95111430625399 14.5318631317945
13807 3.06681034482749 14.5323422311085
7786 0.0531227566403446 14.5328209863655
10808 2.91535150645601 14.5332993980592
10809 2.9154121863798 14.5337774666826
13669 3.85530085959853 14.5342551927271
4311 0.667143879742313 14.5347325766836
957 1.64234620886977 14.5352096190414
13668 3.85561115082221 14.5356863202892
5130 4.41500000000024 14.5361626809145
2796 2.08493932905062 14.5366387014036
13708 5.08131241084207 14.5371143822419
13707 5.08125445473924 14.5375897239139
13808 3.06623931623917 14.5380647269028
2566 0.617081850533808 14.5385393916908
13203 5.31436699857781 14.5390137187593
3182 1.34612651030559 14.5394877085885
2867 1.34659090909094 14.5399613616576
2438 0.973030518097955 14.5404346784447
8833 0.409929078014185 14.5409076594271
11709 5.64989369241594 14.5413803050808
11710 5.65014164305978 14.541852615881
2536 4.26751592356703 14.5423245923019
7531 1.38896746817536 14.5427962348166
7532 1.38869257950525 14.5432675438971
5422 3.95338983050864 14.5437385200147
2628 0.0416372618207481 14.5442091636394
2629 0.041607898448519 14.5446794752403
5271 4.6617336152224 14.5451494552856
2827 0.0471830985915493 14.5456191042425
11939 4.94581280788173 14.546088422577
2762 0.059774964838256 14.5465574107544
1573 5.93956430077337 14.5470260692388
3530 4.78019662921324 14.5474943984935
3531 4.78035087719312 14.5479623989808
13417 3.21388499298709 14.5484300711617
13479 3.21373510861954 14.5488974154968
8189 3.00350140056021 14.5493644324453
10719 3.00349895031507 14.5498311224655
8905 1.13846153846154 14.5502974860149
539 0.749126484975555 14.5507635235499
1992 0.74930167597766 14.551229235526
3755 3.93230983949737 14.5516946223977
13739 0.525104602510453 14.5521596846186
12258 0.265505226480835 14.5526244226414
13459 4.12256267409525 14.5530888369177
13460 4.1224773834374 14.5535529278983
13886 1.36995827538253 14.5540166960329
7946 5.85476025017324 14.5544801417705
8045 5.85486111111068 14.5549432655589
1137 4.56974323386462 14.5554060678453
8397 4.56934812760138 14.5558685490755
2391 2.06514206514196 14.5563307096948
2392 2.06509695290854 14.5567925501474
5682 0.698961937716271 14.5572540708766
13820 1.99585062240663 14.5577152723247
12217 0.306150656530757 14.5581761549332
12218 0.305939226519338 14.5586367191427
4304 4.63354037267093 14.5590969653927
4388 4.63310344827516 14.559556894122
1156 1.2356995175741 14.5600165057684
