636 3.14159265358979 10.0696497167477
715 4.40000000999995 10.531747837121
127 4.55000000999995 10.8020579091931
125 4.81578947368428 10.9938459574943
745 1.77631578947368 11.1426083250371
10230 0.269736842105263 11.2641560295664
10244 0.223684210526316 11.3669231494513
10234 0.217105263157895 11.4559440778676
10231 0.217105263157895 11.5344661016386
10233 0.217105263157895 11.6047064454104
10242 0.217105263157895 11.66824656528
10251 0.217105263157895 11.7262541499397
10245 0.217105263157895 11.7796159550554
10250 0.217105263157895 11.8290212698246
10243 0.217105263157895 11.8750165174825
10246 0.217105263157895 11.9180421982409
10228 0.217105263157895 11.9584586127852
10248 0.217105263157895 11.9965642220118
10236 0.217105263157895 12.032609036192
10238 0.223684210526316 12.0668045657837
10239 0.223684210526316 12.0993313418967
10232 0.223684210526316 12.1303446856533
10249 0.223684210526316 12.1599791940338
10235 0.223684210526316 12.188352270313
10240 0.223684210526316 12.2155669333265
10241 0.223684210526316 12.2417140754287
373 0.927631578947367 12.266874294084
10247 0.230263157894737 12.2911193901979
10229 0.230263157894737 12.3145136034054
10237 0.230263157894737 12.3371146378558
511 2.11842105263157 12.3589745197378
1892 5.0986842105264 12.3801403186142
468 4.63157894736849 12.4006547577254
312 5.52631578947378 12.4205567331585
313 5.52631578947378 12.4398817577407
3848 3.02631578947371 12.4586623423851
2772 2.98026315789476 12.4769283251772
946 5.85526315789484 12.4947071565653
557 5.90131578947379 12.5120241475008
79 5.51973684210536 12.528902686157
10739 5.51973684210536 12.5453644278839
10740 5.51973684210536 12.56142946227
10736 5.51973684210536 12.5771164605434
10741 5.51973684210536 12.5924428060266
3625 5.51973684210536 12.6074247099279
10738 5.51973684210536 12.6220773144071
10742 5.51973684210536 12.6364147845544
10733 5.51973684210536 12.6504503906863
10737 5.51973684210536 12.6641965821548
10735 5.51973684210536 12.6776650536998
10744 5.51973684210536 12.6908668052306
10734 5.51973684210536 12.703812195802
10746 5.51973684210536 12.7165109924492
7778 5.51973684210536 12.7289724144573
10745 5.52631578947378 12.7412051735694
10743 5.52631578947378 12.7532175105712
10747 5.52631578947378 12.7650172286374
124 4.63157894736849 12.7766117237787
1211 2.25 12.7880080126849
10131 4.63157894736849 12.7992127582291
3846 3.05921052631581 12.8102322928633
1747 3.10526315789476 12.8210726401111
512 2.01973684210526 12.8317395343421
10138 4.63157894736849 12.8422384389875
1669 3.07894736842108 12.8525745633448
10132 4.63157894736849 12.8627528780987
10136 4.63157894736849 12.872778129675
10137 4.63157894736849 12.8826548535318
10133 4.63157894736849 12.8923873864792
10128 4.63157894736849 12.901979878114
10129 4.63157894736849 12.9114363014419
10130 4.63157894736849 12.9207604627584
10134 4.63157894736849 12.9299560108467
1996 2.97368421052634 12.9390264455505
12844 0.940789473684209 12.9479751257719
10135 4.63815789473691 12.9568052769386
1370 5.14473684210534 12.9655199979835
8420 2.375 12.9741222678741
9934 2.33552631578948 12.9826149517258
2210 1.17105263157894 12.9910008065303
655 1.05263157894737 12.9992824865294
801 6.15131578947379 13.0074625482572
466 2.51315789473685 13.0155434552788
1599 2.51315789473685 13.0235275826433
2079 5.78947368421063 13.0314172210746
260 1.13157894736842 13.0392145809167
626 5.91447368421063 13.0469217958508
4568 2.96710526315791 13.0545409263999
510 2.0657894736842 13.0620739632358
3156 1.97368421052631 13.0695228303012
11028 2.375 13.076889387759
638 3.0855263157895 13.0841754347804
180 3.71710526315794 13.0913827121832
2014 3.92763157894742 13.0985129049277
2017 3.92763157894742 13.1055676444814
188 3.71710526315794 13.1125485110596
184 3.71710526315794 13.11945703575
123 5.30921052631588 13.1262947025281
2018 3.92763157894742 13.1330629501708
62 2.29605263157895 13.1397631740731
39 0.69078947368421 13.1463967279752
2940 1.92105263157894 13.1529649256039
10345 2.63815789473685 13.1594690422342
10353 2.63815789473685 13.1659103161753
10343 2.63815789473685 13.1722899501861
10352 2.63815789473685 13.1786091128224
10344 2.63815789473685 13.1848689397223
10350 2.63815789473685 13.1910705348305
10346 2.63815789473685 13.1972149715672
2908 5.85526315789484 13.2033032939427
1252 3.07894736842108 13.2093365176226
1394 1.30263157894736 13.2153156309445
1003 1.48684210526315 13.2212415958893
10351 2.63815789473685 13.2271153490107
190 3.71052631578951 13.2329378023232
14316 0.927631578947367 13.238709844152
1186 0.565789473684211 13.2444323399462
10374 3.02631578947371 13.2501061330582
10349 2.63815789473685 13.2557320454888
3134 0.927631578947367 13.2613108786024
1468 0.980263157894735 13.2668434138122
4512 4.28947368421058 13.2723304132366
10354 2.63815789473685 13.2777726203293
172 4.34868421052637 13.2831707604844
7192 4.03947368421058 13.2885255416159
10347 2.63815789473685 13.2938376547154
1469 0.986842105263156 13.2991077743868
10348 2.63815789473685 13.3043365593608
2942 1.9078947368421 13.3095246529889
7188 4.03947368421058 13.3146726837181
698 3.59868421052635 13.3197812655485
12082 6.25657894736853 13.324850998472
5498 3.82236842105268 13.3298824688956
481 1.19736842105263 13.3348762500483
1711 6.03947368421063 13.3398329023734
2907 5.88157894736852 13.3447529739051
1611 5.10526315789482 13.3496370006332
189 3.71052631578951 13.3544855068525
185 3.71052631578951 13.3592990055015
182 3.71052631578951 13.3640779984873
378 0.874999999999999 13.3688229769998
187 3.71052631578951 13.3735344218152
181 3.71052631578951 13.3782128035877
2041 1.11184210526316 13.3828585831317
6214 5.67763157894746 13.3874722116948
5929 0.782894736842104 13.39205413122
183 3.71052631578951 13.3966047746002
111 1.01315789473684 13.4011245659238
992 1.39473684210526 13.4056139207114
5724 1.88157894736841 13.4100732461452
186 3.71052631578951 13.414502941291
9671 3.02631578947371 13.4189033973119
159 1.7516339869281 13.423274997676
3847 3.07142857142859 13.4276181183568
11094 3.02580645161288 13.4319331280272
11095 3.02564102564102 13.4362203882474
121 2.22929936305733 13.4404802536466
7193 4.03797468354432 13.444713072099
3845 3.06918238993714 13.4489191848946
874 2.73750000000002 13.4530989269036
1002 1.49068322981366 13.4572526267374
59 0.481481481481483 13.4613806069027
1509 5.39263803680989 13.4654831839522
1510 5.39634146341452 13.4695606686305
699 3.59999999999996 13.4736133660148
2733 2.14457831325302 13.4776415756521
5001 3.52095808383231 13.4816455916922
305 1.56547619047619 13.4856257030166
306 1.56804733727811 13.4895821933631
219 1.3 13.4935153414479
1506 5.39181286549716 13.4974254210828
14401 2.73837209302326 13.50131270129
14399 2.73988439306358 13.5051774464129
2670 5.22988505747118 13.5090199162241
1861 1.28 13.5128403660301
38 2.92613636363638 13.5166390467732
1511 5.39548022598872 13.5204162051303
1503 5.39325842696624 13.5241720836091
7947 2.22905027932962 13.5279069206416
14404 3.60555555555554 13.5316209506745
5982 3.0220994475138 13.5353144042583
1668 3.12087912087911 13.5389875081323
303 4.1202185792349 13.5426404853087
450 2.73913043478261 13.5462735551537
1508 5.39459459459466 13.5498869334666
3849 3.06989247311828 13.5534808325565
3400 5.20855614973254 13.5570554613175
7730 5.77127659574462 13.560611025301
1999 2.99470899470898 13.5641477267875
208 2.81052631578945 13.5676657648547
1507 5.39267015706816 13.5711653354455
1505 5.3958333333333 13.5746466314329
479 0.0414507772020725 13.5781098426843
1512 5.39690721649483 13.5815551561233
6628 3.45641025641025 13.5849827557902
704 3.6071428571429 13.5883928229014
2196 5.13705583756351 13.5917855359064
869 1.28787878787879 13.5951610705441
14398 2.73366834170852 13.5985195998974
1136 2.11999999999998 13.6018612944464
14400 2.73631840796023 13.6051863221205
1291 2.50990099009901 13.6084948483485
1067 2.09359605911332 13.6117870361089
14397 2.73529411764705 13.6150630459772
14396 2.73658536585366 13.6183230361733
1475 1.16504854368932 13.6215671626075
3426 0.763285024154591 13.6247955789246
11093 3.0240384615385 13.6280084365486
112 2.34928229665071 13.6312058847243
1504 5.39523809523808 13.6343880705594
2732 2.11848341232227 13.6375551390651
578 2.73584905660376 13.6407072331957
14395 2.73708920187792 13.6438444938874
2454 3.822429906542 13.6469670600956
1924 4.99999999999998 13.6500750688328
1932 5.00000000000007 13.6531686552038
1009 3.82488479262669 13.6562479524414
4938 5.67889908256871 13.6593130919405
493 0.625570776255706 13.6623642032921
12392 2.93181818181817 13.665401414316
1853 0.99547511312217 13.6684248510929
1927 5.00450450450461 13.6714346379959
14330 0.484304932735427 13.6744308977211
10609 2.27678571428573 13.6774137513178
1304 2.91555555555552 13.6803833182174
7811 0.482300884955753 13.6833397162626
332 5.6211453744492 13.6862830617353
1216 4.17543859649127 13.689213469384
3904 3.52401746724885 13.6921310524506
2735 2.13043478260869 13.6950359226965
2519 2.37229437229438 13.6979281904289
1925 5.00431034482767 13.7008079645253
2236 6.24892703862672 13.7036753524582
1931 5.00427350427349 13.7065304603195
10614 2.27659574468084 13.7093733928438
333 5.61864406779678 13.7122042534315
330 5.62025316455692 13.7150231441712
12846 0.966386554621847 13.7178301658621
9070 2.44351464435144 13.7206254180354
13775 0.425 13.7234089989757
142 2.86307053941908 13.7261810057415
14274 0.966942148760328 13.7289415341855
10610 2.27572016460906 13.7316906789748
10611 2.2745901639344 13.7344285336099
325 5.62040816326519 13.7371551904442
331 5.62195121951208 13.7398707407026
14272 0.963562753036441 13.7425752744997
769 0.987903225806451 13.7452688808577
1477 1.15261044176708 13.7479516477242
1474 1.168 13.7506236619892
1929 5.00398406374502 13.7532850095023
492 0.626984126984125 13.7559357750887
4508 4.30830039525693 13.7585760425661
9069 2.44488188976378 13.7612058947601
4509 4.30980392156861 13.76382541352
4510 4.30859375 13.7664346797341
9065 2.44357976653696 13.7690337733445
1114 0.860465116279071 13.7716227733621
4505 4.3088803088804 13.7742017578808
14273 0.965384615384612 13.7767708040914
515 5.98467432950173 13.7793299882962
10613 2.27480916030534 13.7818793859218
9066 2.44486692015209 13.7844190715329
12845 0.96590909090909 13.7869491188453
808 2.40377358490568 13.7894696007386
1116 5.13157894736847 13.7919805892689
4572 2.97003745318347 13.7944821556812
1926 5.00373134328365 13.7969743704216
9067 2.44609665427506 13.799457303149
328 5.62222222222227 13.8019310227467
327 5.61992619926195 13.8043955973342
73 1.62132352941176 13.8068510942784
3934 3.92673992673991 13.8092975802044
3475 3.40510948905115 13.8117351210064
4506 4.30909090909083 13.8141637818588
9068 2.44927536231882 13.8165836272258
329 5.62093862815892 13.8189947208726
326 5.61870503597139 13.8213971258748
9062 2.44802867383513 13.8237909046286
1997 2.99999999999999 13.8261761188606
4571 2.97153024911037 13.8285528296369
2843 2.57446808510635 13.8309210973731
4511 4.31095406360427 13.8332809818432
4507 4.30985915492964 13.8356325421885
2734 2.12982456140351 13.8379758369268
9064 2.44755244755245 13.840310923961
1928 5.00348432055752 13.8426378605875
1930 5.00347222222233 13.844956703505
9063 2.44636678200692 13.8472675088227
3135 0.927586206896553 13.8495703320681
4569 2.97250859106528 13.8518652281954
1464 2.36643835616435 13.8541522515933
5300 2.2764505119454 13.8564314560924
2209 1.17006802721088 13.8587028949735
298 6.04406779661035 13.8609666209743
350 2.97297297297299 13.8632226862971
4570 2.97306397306403 13.8654711426162
14271 0.966442953020141 13.8677120410847
10612 2.27424749163881 13.8699454323415
54 6.08999999999983 13.8721713665185
12750 6.27242524916958 13.874389893247
700 3.58609271523172 13.8766010616643
4012 3.65346534653471 13.8788049204206
6810 1.91776315789476 13.8810015176852
14315 0.927868852459012 13.8831909011527
1684 3.98692810457515 13.8853731180493
2311 0.42671009771987 13.8875482151392
3552 5.72727272727253 13.8897162387301
6516 1.3042071197411 13.8918772346796
6594 2.3516129032258 13.8940312484005
6518 1.30225080385851 13.8961783248672
1543 1.61858974358974 13.8983185086207
3133 0.910543130990419 13.9004518437745
297 3.62738853503194 13.9025783740199
1259 2.23809523809523 13.9046981426315
1222 2.12974683544305 13.9068111924723
5102 3.40694006309146 13.9089175659993
1771 2.48742138364782 13.9110173052679
14331 0.485893416927901 13.9131104519376
2939 1.90000000000002 13.9151970472769
7176 3.00623052959494 13.9172771321677
12025 2.23602484472047 13.9193507471107
695 3.98761609907125 13.9214179322295
1098 1.03086419753087 13.923478727276
80 5.9692307692309 13.9255331716342
5584 1.99386503067484 13.9275813043255
3477 3.40672782874611 13.9296231640126
2015 3.92378048780478 13.9316587890038
3733 5.93617021276609 13.933688217258
12748 6.27272727272712 13.9357114863881
3150 1.30211480362538 13.9377286336658
6517 1.30120481927712 13.9397396960254
4619 0.0870870870870871 13.941744710068
14318 0.934131736526943 13.9437437120655
14332 0.486567164179103 13.9457367379644
5104 3.40773809523819 13.9477238233899
12024 2.23738872403562 13.9497050036493
14036 0.42603550295858 13.9516803137364
701 3.5870206489675 13.9536497883347
1893 5.12647058823528 13.9556134618212
12023 2.23753665689149 13.9575713682701
14329 0.485380116959062 13.9595235414561
14333 0.483965014577258 13.9614700148584
14317 0.936046511627908 13.9634108216633
12751 6.26956521739107 13.9653459947686
12026 2.23699421965315 13.9672755667862
5586 1.99423631123922 13.9691995700456
2483 3.92528735632176 13.9711180365974
6052 4.66189111747871 13.973030998216
489 0.751428571428573 13.9749384864034
2614 6.15384615384627 13.9768405323916
1050 3.87215909090917 13.9787371671465
708 3.77337110481595 13.9806284213699
2016 3.92655367231645 13.9825143255036
2397 2.35211267605634 13.9843949097313
3103 6.2078651685391 13.9862702039824
5587 1.99439775910364 13.9881402379342
2736 2.13128491620113 13.9900050410149
2429 0.0863509749303621 13.9918646424066
7613 5.14722222222239 13.9937190710478
10605 2.41274238227148 13.9955683556363
323 5.89779005524852 13.9974125246316
1540 1.30027548209366 13.9992516062576
120 2.21153846153845 14.0010856285056
5588 1.99452054794524 14.0029146191361
2121 2.06284153005461 14.004738605682
1051 3.87193460490472 14.0065576154508
5103 3.40760869565211 14.008371675527
14328 0.48509485094851 14.0101808127748
8280 4.04054054054066 14.0119850538399
702 3.59029649595695 14.0137844251527
703 3.58870967741948 14.0155789529298
705 3.58981233243955 14.0173686631769
3582 2.08823529411765 14.0191535816908
1042 1.06133333333334 14.0209337340613
5585 1.99468085106381 14.0227091456743
3476 3.40583554376665 14.0244798417131
5105 3.40740740740746 14.0262458471608
8531 5.44327176781015 14.0280071868027
6613 2.57631578947363 14.029763885228
8096 2.57480314960629 14.0315159668322
11003 4.21727748691106 14.0332634558188
8098 2.57702349869451 14.0350063762015
922 1.3515625 14.0367447518062
14305 1.18701298701298 14.0384786062729
8099 2.57512953367876 14.0402079630576
6371 3.41860465116274 14.0419328454343
8097 2.57474226804123 14.0436532764966
7713 2.51670951156808 14.04536927916
8947 1.1 14.0470808761635
2245 1.43989769820971 14.0487880900713
4529 4.60459183673469 14.0504909432747
10998 4.21628498727735 14.0521894579939
3289 5.86294416243666 14.0538836562797
11002 4.21518987341774 14.0555735600152
5149 2.57575757575761 14.0572591909174
2000 2.99496221662466 14.0589405705392
983 5.89698492462302 14.0606177202707
10583 5.1453634085212 14.062290661341
1649 4.95750000000008 14.0639594148197
52 6.0423940149625 14.0656240016188
955 3.36567164179109 14.0672844424938
14320 0.91066997518611 14.0689407580455
4620 0.0866336633663367 14.0705929687218
5396 1.10123456790123 14.0722410948188
6637 5.67733990147794 14.0738851564822
133 2.69287469287468 14.0755251737095
7179 2.95098039215685 14.0771611663505
6636 5.67970660146708 14.0787931541096
37 2.91951219512195 14.0804211565466
6635 5.67883211678853 14.0820451930786
4530 4.60436893203876 14.0836652829808
14306 1.18644067796611 14.0852814453884
5377 3.45893719806765 14.0868936992979
3301 0.824096385542165 14.0885020635682
14453 0.425480769230768 14.0901065569219
12372 1.18705035971223 14.0917071979469
1215 4.17224880382783 14.0933040050976
14451 0.427207637231503 14.0948969966958
1043 1.05952380952381 14.0964861909327
839 3.12826603325406 14.0980716058693
697 3.98578199052142 14.0996532594384
8357 5.80851063829767 14.1012311694453
2343 0.563679245283022 14.102805353569
10940 4.67058823529411 14.104375829364
14319 0.913145539906107 14.1059426142607
10582 5.14519906323177 14.1075057255668
10581 5.14485981308397 14.1090651804689
513 2.10722610722613 14.1106209960331
5871 5.80930232558114 14.1121731892061
3181 1.18793503480277 14.1137217768169
14307 1.1875 14.1152667755771
11001 4.21709006928396 14.1168082020827
10999 4.21658986175107 14.1183460728147
14321 0.912643678160925 14.1198804041402
11000 4.21559633027518 14.1214112123138
14452 0.425629290617848 14.1229385134781
1998 2.9954337899544 14.1244623236654
7249 5.21867881548964 14.1259826587979
6417 2.08409090909089 14.1274995346893
1911 1.24036281179138 14.1290129670456
205 5.80769230769229 14.1305229714662
2161 0.388261851015802 14.1320295634445
934 4.60585585585599 14.1335327583692
7711 2.51460674157304 14.1350325715252
7710 2.51569506726456 14.1365290180944
1423 1.06040268456376 14.1380221131568
507 0.426339285714285 14.1395118716911
8948 1.10244988864142 14.1409983085759
10592 1.10222222222222 14.1424814385906
1109 0.523281596452326 14.1439612764162
967 4.59292035398227 14.1454378366359
933 4.60706401765993 14.1469111337364
4969 1.65638766519822 14.1483811821086
5950 4.08351648351647 14.1498479960484
44 2.91008771929829 14.1513115897573
5241 1.14004376367614 14.1527719773439
10591 1.10262008733623 14.1542291728239
7712 2.51416122004357 14.1556831901214
4528 4.60652173913033 14.1571340430698
2484 3.91540130151838 14.1585817454122
4152 1.79220779220782 14.1600263108022
10593 1.10151187904968 14.1614677528052
317 6.26939655172379 14.1629060848986
3399 5.21935483870944 14.1643413204726
6634 5.67811158798273 14.1657734728315
4838 5.67880085653074 14.1672025551937
7190 4.02777777777776 14.1686285806928
10997 4.21535181236689 14.1700515623786
7189 4.02765957446815 14.1714715132171
7191 4.02760084925711 14.172888446092
990 1.36228813559324 14.1743023738048
7187 4.02748414376305 14.1757133090757
14297 2.20464135021099 14.1771212645445
5280 6.13894736842128 14.1785262527708
14300 2.20588235294117 14.1799282862354
13413 2.20545073375258 14.18132737734
14419 5.85146443514638 14.1827235384087
920 5.35281837160748 14.1841167816883
5501 3.82291666666661 14.185507119349
3191 6.04158004157989 14.1868945634849
7213 5.26556016597509 14.1882791261148
7214 5.26501035196689 14.1896608191828
910 3.33677685950407 14.1910396545588
5930 0.789690721649482 14.1924156440394
6036 3.13168724279842 14.1937887993481
2047 1.52977412731005 14.1951591321361
6035 3.13114754098369 14.1965266539832
829 1.6196319018405 14.1978913763977
3905 3.52244897959171 14.1992533108175
7178 2.94704684317712 14.2006124686107
2434 3.6178861788617 14.2019688610759
272 6.0425963488841 14.2033224994429
301 4.12348178137639 14.204673394873
1601 2.53131313131309 14.2060215584602
3935 4.2459677419354 14.207367001231
1413 2.38832997987926 14.2087097341455
1456 0.116465863453815 14.2100497680975
1743 2.93987975951904 14.2113871139154
11030 2.38799999999996 14.2127217823625
8050 2.7764471057884 14.2140537841376
2431 2.81274900398406 14.2153831298756
14352 3.44532803180905 14.2167098301476
10765 5.03968253968275 14.218033895462
10982 3.94059405940594 14.2193553362646
410 5.03952569169992 14.2206741629394
19 0.388560157790928 14.2219903858085
496 0.625984251968503 14.2233040151334
5949 4.08251473477424 14.2246150611148
2267 1.56862745098039 14.2259235338933
2269 1.56751467710369 14.2272294435502
491 0.626953125 14.2285328001074
3829 1.65497076023395 14.2298336135282
917 5.35214007782099 14.2311318937178
909 3.33592233009718 14.2324276505236
14289 6.26162790697624 14.2337208937354
11031 2.38878143133458 14.2350116330867
10767 5.03861003861015 14.2362998782541
12960 4.35838150289002 14.2375856388583
14290 6.26153846153896 14.2388689244647
465 3.55662188099798 14.2401497445833
14446 3.61685823754773 14.2414281086695
1819 3.36711281070743 14.2427040261244
2952 3.36832061068696 14.2439775062951
7215 5.26666666666692 14.2452485584755
8047 2.77566539923951 14.2465171919062
7180 2.95066413662245 14.2477834157753
11895 4.69696969696982 14.2490472392186
8281 4.04536862003761 14.2503086713199
11892 4.69811320754739 14.2515677211118
7151 3.61770244821077 14.2528243975757
8700 1.91729323308268 14.2540787096422
376 0.889305816135095 14.2553306661916
5282 6.13857677902593 14.2565802760545
494 0.626168224299069 14.2578275480117
9545 2.05223880597017 14.2590724907949
9548 2.05214152700185 14.260315113087
2938 1.90520446096651 14.2615554235223
1097 1.0278293135436 14.2627934306871
4014 3.6574074074075 14.26402914312
11029 2.38817005545285 14.2652625693121
14298 2.20664206642069 14.2664937177075
14299 2.20626151012898 14.2677225967037
10604 2.40808823529419 14.2689492146517
8702 1.91743119266051 14.2701735798566
8701 1.91758241758241 14.2713957005777
7211 5.26508226691039 14.2726155850291
10643 5.58576642335748 14.2738332413797
11891 4.69763205828783 14.2750486777541
2025 4.93090909090924 14.2762619022321
14434 5.85299455535363 14.2774729228497
36 2.93840579710134 14.2786817475991
2268 1.56781193490057 14.2798883844293
6037 3.12996389891701 14.2810928412459
3225 0.0846846846846847 14.282295125912
463 4.11151079136714 14.2834952462481
10983 3.94075403949752 14.2846932100326
10984 3.94086021505363 14.2858890250019
5281 6.13953488372118 14.2870826988511
495 0.626785714285712 14.2882742392339
818 1.63101604278073 14.2894636537629
11206 2.05160142348758 14.2906509500102
9547 2.05150976909411 14.2918361355075
5283 6.14007092198573 14.2930192177464
8229 2.07433628318581 14.2942002041787
5500 3.82332155477034 14.2953791022165
709 5.09347442680789 14.2965559192329
374 0.889084507042265 14.2977306625618
8046 2.77680140597549 14.2989033394986
8051 2.77719298245605 14.3000739573001
5996 5.8056042031526 14.3012425231851
5279 6.13986013985989 14.3024090443343
6066 2.17975567190227 14.3035735278909
13921 3.81184668989539 14.3047359809608
14351 3.44695652173923 14.3058964106126
14348 3.44618055555564 14.3070548238783
3618 6.02946273830203 14.3082112277531
886 5.89100346020787 14.309365629196
14349 3.44732297063895 14.3105180351297
696 3.98620689655162 14.3116684524414
6811 1.92771084337353 14.3128168879823
304 4.12714776632301 14.3139633485687
8227 2.07375643224696 14.3151078409814
10608 2.40924657534241 14.3162503719666
10606 2.408547008547 14.3173909482356
2954 3.36689419795229 14.3185295764657
108 2.9028960817716 14.3196662632998
2051 1.52891156462585 14.3208010153468
7212 5.26655348047515 14.3219338391821
14418 5.85254237288158 14.3230647413476
625 1.63113367174279 14.3241937283518
765 0.576013513513514 14.3253208066704
9321 3.93254637436782 14.3264459827462
5722 1.89393939393943 14.3275692629895
5499 3.82689075630251 14.3286906537782
848 3.86241610738236 14.329810161458
6416 2.08207705192633 14.3309277923428
9546 2.05183946488301 14.3320435527148
2635 3.48747913188646 14.3331574488247
2672 5.22666666666667 14.3342694868918
10646 5.58569051580698 14.3353796731045
11896 4.6976744186046 14.3364880136203
11893 4.69817578772808 14.3375945145659
9320 3.93377483443699 14.3386991820376
14448 3.61818181818173 14.3398020221016
10641 5.5858085808578 14.3409030407939
8228 2.07413509060954 14.3420022441207
4501 4.24671052631589 14.3430996380585
8230 2.07389162561582 14.3441952285543
3522 0.363934426229507 14.345289021526
375 0.887070376432074 14.3463810228621
293 3.31209150326796 14.3474712384226
1057 4.3376835236542 14.3485596740385
1854 1 14.3496463355125
2159 3.55609756097551 14.3507312286187
1054 4.33766233766205 14.3518143591034
5927 0.787682333873587 14.3528957326847
294 3.31229773462773 14.3539753550529
7216 5.26655896607412 14.3550532318708
4461 1.61612903225809 14.3561293687738
14350 3.44766505636072 14.3572037713701
11449 4.95980707395507 14.3582764452405
6307 1.03049759229534 14.3593473959394
3190 6.04487179487177 14.360416628994
7035 2.95039999999994 14.3614841499053
14447 3.61661341853051 14.3625499641478
11553 0.727272727272731 14.3636140771697
10645 5.58598726114661 14.3646764943932
11447 4.95866454689999 14.3657372212147
2941 1.9063492063492 14.3667962630048
308 1.56735340728999 14.3678536251085
295 3.31170886075933 14.3689093128456
291 3.31121642969994 14.3699633315105
9960 1.67981072555204 14.3710156863726
2953 3.36692913385815 14.3720663826762
2914 5.81446540880488 14.3731154256412
555 3.81004709576146 14.3741628204625
377 0.887147335423188 14.3752085723109
2937 1.90766823161192 14.3762526863328
1360 4.35781249999992 14.3772951676502
918 5.35257410296401 14.3783360213615
2955 3.36760124610582 14.379375252541
5025 3.52255054432363 14.3804128662395
817 1.63043478260867 14.381448867484
8048 2.77674418604657 14.3824832612783
2048 1.5294117647059 14.3835160526028
2052 1.52859350850079 14.384547246415
47 1.65586419753082 14.3855768476493
10766 5.03852080123247 14.3866048612171
9651 5.03846153846183 14.3876312920075
862 4.33947772657433 14.3886561448868
916 5.35276073619612 14.3896794246988
9650 5.03828483920341 14.3907011362654
1055 4.33944954128429 14.3917212843859
10644 5.58625954198493 14.3927398738379
10642 5.58536585365882 14.3937569093771
8049 2.77625570776264 14.3947723957375
921 5.35258358662587 14.3957863376313
919 5.35356600910479 14.3967987397494
7181 2.94999999999993 14.3978096067614
5024 3.52193645990926 14.3988189433155
10607 2.40785498489431 14.3998267540391
1526 2.86274509803921 14.4008330435383
1056 4.33885542168645 14.4018378163987
991 1.36992481203009 14.402841077185
5023 3.52252252252238 14.4038428304413
694 3.98650674662694 14.4048430806915
7015 2.09281437125747 14.4058418324388
12688 0.825112107623315 14.4068390901666
6308 1.03134328358208 14.4078348583377
2050 1.52906110283162 14.4088291413955
2049 1.52827380952384 14.4098219437632
8282 4.04457652303119 14.4108132698442
11894 4.69732937685465 14.4118031240226
13746 1.49777777777777 14.4127915106628
2341 0.560650887573964 14.4137784341097
279 0.754800590841947 14.4147638986893
3550 5.72566371681408 14.415747908708
2636 3.48748159057436 14.4167304684535
1939 0.554411764705881 14.4177115821945
14391 5.8825256975037 14.4186912541807
8374 0.655425219941349 14.4196694886434
9837 5.21083455344048 14.4206462897949
2248 6.20760233918145 14.4216216618294
439 5.76496350364946 14.4225956089226
10507 5.1166180758019 14.4235681352317
5616 5.467248908297 14.424539244896
924 1.50436046511624 14.4255089420366
435 6.11465892597953 14.4264772307568
10395 0.598550724637679 14.4274441151419
1981 4.14905933429818 14.4284095992595
945 3.8815028901736 14.4293736871595
10883 2.49783549783542 14.4303363828743
8286 0.452449567723346 14.4312976904189
9082 3.09928057553943 14.4322576137909
3078 2.81178160919546 14.4332161569707
3313 2.81205164992831 14.4341733239214
6644 2.25501432664766 14.4351291185893
6623 6.08869814020076 14.4360835449036
6621 6.08857142857175 14.4370366067767
4769 2.60057061340933 14.4379883081041
6551 0.0398860398860399 14.4389386527649
6600 1.65576102418204 14.4398876446215
9008 4.93039772727256 14.4408352875198
9876 1.55886524822691 14.4417815852892
4722 0.0141643059490085 14.4427265417432
4721 0.0141442715700141 14.4436701606788
399 5.72598870056519 14.4446124458769
5040 4.2468265162203 14.4455534011025
8373 0.654929577464788 14.4464930301046
5931 0.65541490857946 14.4474313366166
3763 6.24157303370757 14.4483683243557
3760 6.24123422159832 14.4493039970239
3299 1.48459383753501 14.4502383583075
2113 3.72307692307713 14.4511714118771
4725 0.0139664804469274 14.4521031613882
12183 5.76569037656918 14.4530336104808
9009 4.93036211699187 14.4539627627799
4252 0.598052851182195 14.4548906218951
4253 0.598611111111109 14.4558171914211
7483 4.93065187239974 14.4567424749377
1859 4.17451523545699 14.4576664760096
14442 3.09958506224065 14.4585891981869
1040 1.0524861878453 14.4595106450049
3607 5.110344827586 14.4604308199842
14291 1.35674931129474 14.4613497266309
689 4.93122420907828 14.4622673684367
2911 1.7760989010989 14.4631837488789
2913 1.77503429355278 14.4640988714202
14281 3.81095890410971 14.4650127395094
6643 2.25581395348838 14.4659253565809
14292 1.35655737704918 14.4668367260553
10397 0.598908594815825 14.4677468513388
6044 1.12806539509537 14.4686557358241
5038 4.2462585034012 14.4695633828896
8278 4.05163043478245 14.4704697959003
389 4.71913161465429 14.4713749782073
392 4.7195121951218 14.4722789331481
7891 2.96075778078496 14.4731816640465
14393 5.88378378378349 14.4740831742132
10904 2.49932523616724 14.4749834669451
5757 2.83827493261465 14.475882545526
5758 2.83714670255709 14.4767804132262
4481 6.08870967741908 14.4776770733031
1858 4.1731543624164 14.4785725290008
2771 2.98659517426274 14.4794667835502
390 4.72021419009376 14.4803598401696
2770 2.98663101604279 14.4812517020641
11696 0.137516688918558 14.4821423724259
634 5.86399999999962 14.4830318544346
1667 5.31025299600561 14.4839201512572
3472 3.88031914893612 14.4848072660476
432 6.11420982735723 14.4856932019477
3473 3.88063660477439 14.4865779620864
585 5.18145695364217 14.4874615495804
9838 5.21164021164029 14.4883439675341
13960 3.81109643328948 14.4892252190394
706 3.77440633245404 14.490105307176
3551 5.72595520421567 14.4909842350115
1376 1.12894736842103 14.4918620056013
4265 1.12877792378448 14.4927386219889
2158 3.55643044619435 14.4936140872055
1686 3.99344692005249 14.4944884042707
1979 4.14921465968567 14.4953615761921
12043 6.00915032679737 14.4962336059654
3549 5.72584856396824 14.4971044965748
5767 0.0938722294654497 14.4979742509926
12046 6.00911458333306 14.4988428721795
3009 3.67750325097546 14.4997103630848
3304 0.816883116883104 14.5005767266462
1371 5.12321660181581 14.50144196579
2656 5.12305699481867 14.5023060834309
1860 4.17335058214753 14.5031690824727
4422 3.31136950904404 14.5040309658076
3300 1.48516129032257 14.5048917363166
11209 3.60438144329896 14.5057513968699
12219 5.30115830115806 14.5066099503262
14362 5.30077120822618 14.5074673995333
12042 6.00898587933303 14.5083237473282
12044 6.00897435897434 14.5091789965368
14358 2.60051216389235 14.5100331499742
11448 4.95907928388787 14.5108862104446
1709 6.03065134099664 14.5117381807416
8176 1.39668367346938 14.512589063648
12179 5.77961783439556 14.513438861936
7905 2.09923664122137 14.5142875783672
14392 5.88310038119455 14.5151352156927
9590 5.73477157360419 14.515981776653
3619 6.03168567807301 14.5168272639783
5039 4.246835443038 14.5176716803884
13 5.89127686472866 14.5185150285928
1041 1.06313131313133 14.5193573112907
14417 1.87767969735186 14.520198531171
7907 2.09949622166242 14.5210386909125
9878 1.55849056603774 14.521877793184
1851 2.09924623115575 14.522715840644
2910 1.77540777917185 14.5235528359412
8225 5.44235588972471 14.5243887817143
10905 2.4993742177722 14.5252236805919
14443 3.09875000000013 14.526057535193
8279 4.05118601747782 14.5268903481266
8428 0.692019950124681 14.5277221219921
388 4.71980074719777 14.5285528593789
12184 5.76616915422895 14.529382562867
10383 0.787577639751563 14.5302112350268
9531 1.14392059553349 14.5310388784188
10384 0.786864931846352 14.5318654955944
774 3.96287128712845 14.5326910890951
1375 3.96291718170559 14.5335156614534
7250 5.21851851851883 14.5343392151921
2912 1.77558569667081 14.5351617528247
6622 6.08866995073904 14.5359832768555
8773 5.77859778597847 14.5368037897796
14363 5.30098280098303 14.5376232940828
3010 3.67730061349691 14.5384417922416
5755 2.83823529411779 14.5392592867238
3008 3.67686658506713 14.5400757799877
14366 3.86430317848427 14.5408912744829
3797 1.39682539682539 14.5417057726498
11446 4.95853658536532 14.5425192769199
13301 4.35809987819741 14.543331789716
1122 1.27250608272509 14.5441433134519
12180 5.77885783718075 14.5449538505324
1710 1.29126213592234 14.5457634033541
7578 5.46666666666607 14.5465719743042
5240 1.17675544794188 14.5473795657617
5239 1.17775090689236 14.5481861800969
3617 6.03140096618361 14.5489918196712
1978 4.14837153196601 14.5497964868379
5756 2.83734939759026 14.5506001839415
5002 3.53068592057751 14.551402913318
11698 0.137019230769231 14.5522046772952
11697 0.136854741896759 14.5530054781923
6364 5.86330935251864 14.5538053183202
4951 3.97964071856259 14.5546041999816
462 4.10645933014364 14.5554021254709
1313 0.634408602150541 14.5561990970741
815 0.634844868735085 14.5569951170691
122 5.3015494636476 14.5577901877259
12749 6.2761904761913 14.558584311306
2658 6.20689655172351 14.559377490063
1685 3.99287410926376 14.5601697262426
573 2.69157769869516 14.5609610220823
1263 2.600710900474 14.5617513798117
14359 2.6011834319526 14.5625408016525
1374 3.9621749408981 14.5633292898186
9877 1.55962219598586 14.5641168465158
9636 2.36084905660371 14.5649034739423
2077 4.11425206124856 14.5656891742886
5867 2.60117647058819 14.5664739497373
270 6.05170387779032 14.5672578024633
7906 2.09976525821593 14.5680407346339
4044 3.65533411488867 14.5688227484089
4045 3.6557377049181 14.5696038459401
5932 0.654970760233918 14.5703840293722
1876 5.64836448598113 14.5711633008422
10396 0.598599766627777 14.5719416624796
4999 3.53030303030278 14.5727191164064
591 5.64842840512156 14.5734956647372
2160 3.55697674418587 14.5742713095794
2157 3.55632984901305 14.5750460530329
412 0.691415313225051 14.5758198971902
7950 1.65585168018538 14.5765928441367
8429 0.692129629629631 14.5773648959504
8427 0.691329479768795 14.5781360547023
10506 5.11662817551939 14.578906322456
9256 2.09227220299882 14.5796757012681
4046 3.65552995391697 14.580444193188
771 4.91024165707745 14.581211800258
3762 6.24252873563201 14.5819785245135
5754 2.83811710677395 14.5827443679827
730 3.63073394495435 14.5835093326871
8226 5.44215349369987 14.5842734206408
7219 3.29061784897038 14.5850366338514
1980 4.1485714285717 14.5857989743195
1982 4.14840182648379 14.5865604440387
2386 5.64880273660249 14.5873210449959
14279 2.92369020501132 14.5880807791711
3761 6.24232081911326 14.5888396485379
14403 2.93977272727266 14.5895976550626
9637 2.36095346197508 14.5903548007052
7517 6.18594104308369 14.5911110874189
1740 1.37599093997733 14.5918665171504
12185 5.76696832579184 14.5926210918395
11694 0.136723163841808 14.5933748134197
11695 0.137697516930022 14.5941276838178
4724 0.0135287485907554 14.5948797049541
4723 0.0135135135135135 14.5956308787425
5948 4.08211473565832 14.5963812070903
2878 1.62471910112358 14.5971306918985
13188 4.59595959595965 14.5978793350616
2275 1.60986547085203 14.5986271384677
10903 2.50055991041427 14.5993741039987
3930 1.12863534675616 14.6001202335301
5933 0.654748603351962 14.600865528931
14293 1.35714285714284 14.6016099920644
5617 5.46711259754766 14.6023536247869
3075 2.81180400890864 14.6030964289492
14416 1.87764182424914 14.6038384063955
2495 5.87000000000054 14.6045795589639
9635 2.36071032186462 14.6053198884866
391 4.71951219512174 14.6060593967895
2841 2.56699889258035 14.6067980856924
292 3.317477876106 14.6075359570092
6306 1.03093922651935 14.6082730125477
7471 0.0938189845474615 14.6090092541097
397 3.7519294377065 14.6097446834912
5000 3.52973568281926 14.6104793024819
3427 0.756875687568747 14.6112131128661
816 1.63736263736263 14.6119461164217
14415 1.87815587266745 14.612678314921
14414 1.87828947368424 14.6134097101306
2630 1.04600219058052 14.614140303811
12045 6.00875273523049 14.6148700977172
3474 3.87978142076519 14.6155990935981
14295 3.96288209606978 14.6163272931972
2518 1.3751363140676 14.617054698252
14294 3.96296296296274 14.6177813104947
4086 6.05114254624579 14.6185071316515
3007 3.67717391304335 14.6192321634431
3011 3.67752442996743 14.6199564075846
814 0.633405639913226 14.6206798657855
7472 0.0931744312026 14.6214025397496
2457 1.48593073593073 14.6221244311755
2902 5.31243243243292 14.622845541756
302 4.12419006479459 14.6235658731785
9453 2.55016181229767 14.624285427125
2903 5.31249999999997 14.6250042052719
4705 2.67276641550041 14.6257222092903
173 0.746236559139794 14.6264394408459
9425 5.70569280343669 14.6271559015991
4706 2.67274678111585 14.6278715932048
9423 5.70525187566943 14.6285865173126
8177 1.39721627408994 14.629300675567
1278 5.98716577540069 14.6300140696069
12760 2.93589743589743 14.6307267010661
4023 1.59445037353251 14.6314385715734
1277 5.98720682302727 14.6321496827519
6405 6.15548455803987 14.6328600362199
1190 2.69787234042544 14.6335696335904
6642 2.25504782146644 14.6342784764713
5916 1.04140127388535 14.6349865664653
10913 2.34040296924714 14.63569390517
898 6.09639830508414 14.6364004941781
4025 1.59470899470896 14.6371063350769
3108 4.13002114164916 14.637811429449
12774 6.09609292502684 14.6385157788718
12436 0.827004219409291 14.6392193849178
12257 0.827186512118011 14.6399222491544
6447 4.0884210526317 14.6406243731441
10898 6.06834910620396 14.6413257584447
9522 5.42331932773167 14.6420264066086
5378 3.46484784889795 14.6427263191839
6468 6.11425576519897 14.6434254977133
5928 0.792670157068059 14.6441239437349
418 0.346234309623429 14.644821658782
4661 2.88610240334372 14.645518644383
13924 4.66597077244284 14.6462149020616
7614 5.13764337851924 14.6469104333367
3729 1.33229166666667 14.6476052397223
1052 3.87200832466205 14.6482993227279
2382 0.0654885654885655 14.6489926838582
6448 4.08826583592926 14.6496853246132
10505 5.44294605809127 14.6503772464881
10965 3.7927461139894 14.6510684509737
2879 1.62422360248443 14.6517589395561
2381 0.0651499482936919 14.6524487137166
4895 1.69731404958675 14.6531377749321
5926 1.42105263157894 14.6538261246749
5923 1.42061855670103 14.6545137644127
3554 3.76725025746663 14.6552006956086
6797 5.09773662551423 14.6558869197214
2162 0.389516957862282 14.6565724382051
14372 3.45687885010289 14.6572572525094
757 3.77641025641 14.6579413640796
10897 6.0686475409841 14.6586247743565
2384 0.0655066530194474 14.6593074847763
4087 6.05112474437589 14.6599894967709
4962 6.06843718079634 14.6606708117681
2398 2.85612244897961 14.6613514311908
9488 6.14882772680965 14.662031356458
5618 5.46741344195576 14.662710588984
7463 3.27466937945083 14.6633891301792
2342 0.564024390243904 14.6640669814492
9455 2.55025380710657 14.6647441441958
9098 0.856997971602442 14.6654206198162
9424 5.70516717325211 14.6660964097034
3492 6.1143724696362 14.6667715152463
5951 4.07987866531838 14.6674459378295
14466 0.476767676767679 14.6681196788335
1812 1.85469223007056 14.6687927396344
7681 1.45866935483869 14.6694651216043
1188 0.569989929506541 14.6701368261112
1810 1.85513078470828 14.6708078545188
10485 4.97688442211002 14.6714782081868
10484 4.97690763052172 14.6721478884708
959 6.20762286860545 14.6728168967223
10078 1.43987975951904 14.6734852342887
7680 1.45845845845848 14.6741529025134
8505 1.43999999999995 14.6748199027358
3141 1.64235764235768 14.6754862362912
10486 4.97704590818354 14.6761519045109
13000 4.00897308075803 14.6768169087224
13243 4.00896414342674 14.6774812502489
7177 3.00597014925388 14.6781449304099
5660 3.72763419483127 14.6788079505209
13925 4.66633565044692 14.6794703118934
6171 5.05753968253988 14.6801320158353
3444 5.56788899900922 14.6807930636501
4919 5.56831683168247 14.6814534566379
7462 3.27497527200819 14.6821131960947
2385 5.64822134387401 14.6827722833127
10899 6.0681145113525 14.6834307195802
14344 3.89743589743559 14.6840885061818
14342 3.89655172413768 14.6847456443983
2906 5.87500000000002 14.6854021355067
7465 3.2753195673549 14.6860579807801
1185 0.569744597249504 14.686713181488
2677 0.570166830225714 14.6873677388962
11395 1.22254901960784 14.6880216542666
7679 1.45837414299708 14.6886749288575
14431 2.17906066536198 14.6893275639235
7260 1.16031280547409 14.6899795607155
1514 4.263671875 14.6906309204807
1354 4.89560975609756 14.6912816444627
6273 4.73586744639389 14.6919317339015
14263 4.19668938656326 14.6925811900334
6272 4.73638132295718 14.6932300140911
2673 5.22934888241026 14.6938782073038
5409 6.22621359223225 14.6945257708969
2872 6.22599418040769 14.6951727060924
637 3.09205426356565 14.6958190141087
635 3.0919651500485 14.6964646961608
7579 5.46228239845256 14.69710975346
7464 3.27536231884079 14.697754187214
3518 3.38513513513534 14.6983979986274
296 3.63259402121517 14.6990411889008
6812 1.92389210019259 14.6996837592316
8529 5.44850818094291 14.7003257108139
7678 1.45865384615384 14.700967044838
147 1.08165225744479 14.701607762491
3185 1.08157389635318 14.7022478649566
14365 3.86577181208059 14.7028873534149
13292 5.74904214559423 14.7035262290428
1516 4.2631578947373 14.7041644930137
3302 0.818355640535367 14.7048021464976
10189 2.71155682903522 14.7054391906614
10188 2.7118320610686 14.7060756266684
812 0.549094375595808 14.7067114556786
7248 0.548571428571421 14.7073466788488
17 2.68981921979087 14.7079812973324
2292 1.33174904942965 14.7086153122795
4756 1.25735992402661 14.7092487248371
464 4.10721062618606 14.7098815361486
1813 1.85497630331745 14.7105137473545
3730 1.33143939393942 14.7111453595919
4753 1.25733207190158 14.7117763739946
4893 1.6965973534971 14.7124067916932
14343 3.89707271010424 14.7130366138153
2870 3.33679245283035 14.7136658414851
12401 4.59000942507104 14.7142944758237
7259 1.16101694915253 14.714922517949
2046 0.0404515522107244 14.7155499689757
3629 0.0789473684210527 14.7161768300155
3699 1.12112676056339 14.7168031021768
2543 1.27392120075046 14.7174287865649
9311 1.79756326148086 14.7180538842822
11822 2.69756554307104 14.7186783964278
11137 1.49204864359216 14.7193023240978
5637 0.506542056074771 14.719925668385
126 4.61718020541548 14.7205484303796
14456 1.15205223880598 14.7211706111682
14470 1.49673811742773 14.7217922118349
14430 2.17970204841718 14.7224132334603
2853 1.59441860465113 14.7230336771222
3521 0.36431226765799 14.7236535438956
4024 1.59424326833794 14.724272834852
9592 5.73283858998096 14.7248915510604
14240 6.18628359592186 14.7255096935865
5739 2.95648148148138 14.7261272634932
811 6.18593894542042 14.7267442618405
3553 3.76802218114574 14.7273606896854
7247 0.549399815327789 14.7279765480817
5638 0.506457564575641 14.7285918380808
1414 2.9087557603685 14.7292065607308
14037 0.418968692449354 14.729820717077
13767 3.48758049678035 14.7304343081619
1113 0.86672794117649 14.731047335025
14265 4.19651056014667 14.731659798703
12084 6.25137614678881 14.7322717002299
2143 2.86984417965182 14.7328830406364
1112 0.867216117216114 14.733493820951
3973 5.90484903934125 14.7341040421988
14410 0.524680073126136 14.7347137054024
9591 5.73242009132439 14.7353228115815
8058 4.28649635036457 14.735931361753
718 1.67912488605281 14.7365393569312
10187 2.71129326047368 14.7371467981274
10190 2.71155595996352 14.7377536863501
14388 1.78909090909094 14.7383600226054
4156 1.78928247048131 14.7389658078962
12375 0.771324863883835 14.739571043223
9941 0.152311876699909 14.7401757295834
4708 2.67300724637669 14.7407798679724
7059 3.8470588235294 14.7413834593823
14258 3.84719710669096 14.7419865048026
14459 0.523938572719056 14.7425890052202
4755 1.25722021660651 14.7431909616192
2728 0.451758340847608 14.7437923749813
14373 3.45675675675708 14.7443932462853
13378 1.15661566156615 14.7449935765075
14324 1.43974820143889 14.7455933666214
9452 2.55076370170694 14.7461926175981
758 3.77648114901244 14.7467913304059
12035 2.3058295964126 14.7473895060105
14457 1.15053763440861 14.7479871453752
14458 1.15040286481643 14.7485842494605
8789 4.91144901610021 14.7491808192244
4844 5.53976764968763 14.7497768556224
9454 2.5508928571429 14.7503723596072
10271 1.03568242640501 14.7509673321292
3303 0.819073083778959 14.7515617741362
2999 4.91095280498651 14.7521556865734
12773 6.09519572953791 14.7527490703835
9939 0.152888888888888 14.7533419265067
14461 2.52575488454716 14.7539342558808
3360 0.0408163265306123 14.7545260594409
6684 2.49202127659571 14.7551173381197
9940 0.152347209920283 14.7557080928475
11481 2.46902654867263 14.756298324552
650 4.06631299734716 14.7568880341585
4837 2.30565371024737 14.7574772225898
9426 5.70520741394487 14.7580658907664
13788 5.33597883597952 14.7586540396062
395 5.33568281938355 14.7592416700247
3517 3.38468309859169 14.7598287829351
7952 3.46437994722966 14.7604153792481
14405 3.86115992970142 14.7610014598719
6274 4.73573309920996 14.7615870257125
14283 5.74912280701702 14.7621720776734
8790 4.91148115687964 14.7627566166558
7975 2.4693520140106 14.7633406435584
6271 4.73578302712103 14.7639241592776
14383 1.98339160839154 14.7645071647076
6137 5.74847161571999 14.76508966074
12595 5.74869109947604 14.7656716482642
144 2.88578901482116 14.7662531281673
480 0.0470383275261324 14.7668341013341
4662 2.88598781549187 14.7674145686469
11393 1.2226086956522 14.7679945309859
14402 1.67940920938318 14.768573989229
2871 3.3368055555553 14.7691529442516
719 1.6790980052038 14.7697313969271
226 5.18110918544211 14.7703093481264
1476 1.16450216450219 14.7708867987183
7222 0.404844290657444 14.7714637495693
4306 0.988764044943831 14.7720402015435
9049 3.48791018998293 14.772616155503
947 5.90163934426276 14.7731916123076
3264 1.00517241379308 14.7737665728147
4305 0.988802756244592 14.7743410378797
10314 0.840791738382111 14.7749150083556
2367 5.93121238177224 14.7754884850935
2383 0.0652920962199312 14.776061468942
4754 1.25751072961373 14.7766339607476
2869 0.746998284734125 14.7772059613547
14323 0.862039417309355 14.7777774716054
1076 1.0821917808219 14.7783484923399
3186 1.08212147134302 14.7789190243958
2671 5.22905982905981 14.7794890686089
885 3.63706233988076 14.7800586258129
1785 3.26109215017081 14.780627696839
1022 4.00852514919002 14.7811962825167
7951 3.46422487223188 14.7817643836731
3188 0.581276595744681 14.7823320011332
8339 0.456632653061218 14.7828991357201
4896 1.69668649107905 14.7834657882546
4894 1.69694397283525 14.7840319595554
10315 0.841391009329924 14.7845976504393
14322 0.861864406779673 14.7851628617209
9097 0.856054191363269 14.7857275942126
9523 5.42301184433197 14.7862918487251
9096 0.855452240067615 14.7868556260667
8419 2.39695945945945 14.7874189270437
2717 2.39746835443039 14.7879817524606
11555 0.726812816188864 14.7885441031195
11552 0.727042965459141 14.7891059798208
11482 2.46885521885528 14.7896673833628
3731 1.33221194280907 14.7902283145416
11480 2.4689075630252 14.7907887741515
2905 5.65239294710299 14.7913487629846
4707 2.67281879194613 14.7919082818313
140 2.8742665549038 14.7924673314797
1811 1.85510887772187 14.7930259127161
3555 3.76820083681977 14.7935840263248
141 2.87458193979949 14.7941416730881
14371 2.3416875522139 14.7946988537864
13787 5.33555926544256 14.795255569198
1784 3.26105087572968 14.7958118200994
3438 5.28250000000042 14.7963676072651
6683 2.49292256452962 14.7969229314677
1196 2.50499168053244 14.7974777934778
911 3.33167082294277 14.7980321940642
912 3.33222591362101 14.7985861339936
5723 1.88962655601659 14.7991396140309
14259 3.84742951907163 14.7996926349392
10483 4.97680198840096 14.8002451974794
5924 1.42052980132447 14.8007973024109
4920 5.56823821339978 14.8013489504909
6299 1.12066115702477 14.8019001424749
6170 5.05780346820825 14.8024508791165
3107 4.12871287128687 14.8030011611672
14341 4.00906842539125 14.8035509893771
5925 1.42092257001651 14.804100364494
3353 2.68971193415648 14.8046492872642
10963 3.79358552631589 14.8051977584318
10964 3.79293344289244 14.8057457787394
2022 5.05747126436782 14.8062933489276
490 0.747333880229697 14.8068404697353
10313 0.840983606557368 14.8073871418993
2078 4.1146601146599 14.8079333661549
14260 3.84697217675907 14.8084791432354
4227 1.7661488143908 14.8090244738725
5411 4.26307189542496 14.8095693587959
5410 4.26367346938766 14.8101137987336
2020 5.05791190864546 14.8106577944118
11136 1.49144254278723 14.811201346555
1276 5.98697068403841 14.8117444558858
11396 1.22294548413344 14.8122871231251
11394 1.22276422764228 14.812829348992
13786 5.33549959382596 14.813371134204
5639 0.506493506493509 14.8139124794767
5636 0.506082725060822 14.814453385524
2001 1.61102106969199 14.814993853058
8338 0.456680161943318 14.8155338827891
9487 6.14967637540427 14.8160734754262
8340 0.456750202101864 14.8166126316761
8060 4.28675282714022 14.8171513522441
8059 4.28732849071774 14.8176896378338
12374 0.770967741935493 14.8182274891471
1355 4.89605157131298 14.8187649068841
4660 2.8864734299517 14.8193018917434
8870 0.994368463395014 14.8198384444215
11554 0.726688102893901 14.8203745656138
5791 3.0377510040163 14.8209102560136
139 2.87399678972703 14.8214455163127
10316 0.841218925420998 14.8219803472011
7220 3.29166666666661 14.8225147493673
3184 2.50520416333076 14.8230487234981
3439 5.28319999999955 14.8235822702786
10375 3.03756994404463 14.8241153903923
1244 0.388977635782746 14.8246480845211
3519 3.38467677573826 14.8251803533451
11823 2.69696969696977 14.825712197543
9942 0.152988047808764 14.8262436177917
9520 5.42356687898061 14.8267746147665
3516 3.38504375497227 14.8273051891412
14266 4.19634340222584 14.827835341588
14264 4.19698173153301 14.8283650727773
3440 5.28253968253966 14.8288943833781
3441 5.28310864393337 14.8294232740577
1027 2.526148969889 14.8299517454818
14460 0.524148851939824 14.8304797983147
5725 1.889240506329 14.8310074332189
4921 5.56837944664117 14.8315346508555
12083 6.25197472353891 14.8320614518838
4365 2.1791633780583 14.8325878369618
14268 6.18611987381694 14.8331138067458
10962 3.79353821906975 14.8336393618907
9521 5.42362204724441 14.8341645030495
1053 3.87254130605854 14.834689230874
14345 3.89701257861624 14.8352135460144
4379 5.5380989787903 14.8357374491193
13423 4.59026687598108 14.8362609408358
8530 5.44784313725558 14.8367840218094
8528 5.44827586206963 14.8373066926842
1206 5.36883320281901 14.8378289541028
6406 6.15649452269224 14.8383508067061
8670 5.48162627052445 14.8388722511336
4099 5.48125000000071 14.8393932880235
154 4.11865729898457 14.8399139180122
10513 5.36895475819099 14.8404341417348
2366 5.92829306313418 14.8409539598248
14439 1.94704049844231 14.8414733729143
14287 4.16731517509726 14.841992381634
4502 4.24183514774453 14.8425109866128
14440 1.9471639471639 14.8430291884785
4464 5.36878881987666 14.8435469878573
12459 0.034910783553142 14.8440643853739
11910 2.90077519379865 14.8445813816515
1173 0.333075135553831 14.8450979773122
7090 5.15325077399362 14.8456141729761
300 0.11600928074246 14.8461299692623
4100 5.48145285935025 14.8466453667883
11911 2.90038610038603 14.8471603661702
14312 2.48456790123458 14.8476749680225
14441 2.3315343099461 14.8481891729587
6993 0.333590138674885 14.8487029815904
202 1.70977675134712 14.8492163945281
45 1.65076923076928 14.8497294123808
14475 1.93159108378183 14.8502420357561
9928 1.96620583717347 14.8507542652601
11523 2.16577129700697 14.8512661014976
12186 1.39263803680982 14.8517775450721
5408 6.22605363984719 14.8522885965856
1712 6.03675344563516 14.8527992566387
9140 1.84162203519507 14.8533095258306
9380 2.7607033639143 14.8538194047592
11525 2.16577540106961 14.854328894021
7584 5.9526717557243 14.8548379942112
14473 4.90007627765088 14.8553467059235
7582 5.95274390243997 14.8558550297504
651 4.06626047220095 14.8563629662829
2825 1.2397260273973 14.8568705161108
1600 2.5300380228136 14.8573776798223
10312 0.384498480243163 14.8578844580046
1940 0.555049354593771 14.8583908512433
12005 1.54476479514424 14.8588968601227
10858 5.25018953752889 14.8594024852259
10859 5.2500000000008 14.8599077271347
119 2.21725965177895 14.8604125864293
12007 1.54462934947051 14.8609170636888
3885 5.02418745275933 14.861421159491
255 4.88368580060436 14.8619248744124
2464 2.02188679245292 14.862428209028
10142 1.24434389140271 14.8629311639116
985 0.804822908816893 14.8634337396359
6334 0.393825301204822 14.863935936772
1837 3.24905944319069 14.8644377558899
1835 3.24962406015059 14.8649391975583
2087 1.00525920360634 14.8654402623445
7449 2.79129129129139 14.8659409508146
11497 1.79669917479369 14.8664412635335
8692 2.33133433283366 14.8669412010648
4071 3.50112359550545 14.8674407639706
8994 5.6002994011985 14.8679399528121
4013 3.66043380703096 14.868438768149
7448 2.79147982062792 14.8689372105399
14276 5.93876026885746 14.8694352805419
1312 0.714179104477616 14.869932978711
8104 2.52199850857568 14.8704303056022
10194 4.74813710879334 14.8709272617688
10195 4.7483246463135 14.8714238477632
7221 0.405505952380951 14.8719200641365
12006 1.54423791821566 14.8724159114384
14381 4.65676077265972 14.8729113902175
3734 5.9235337787671 14.8734065010213
14353 3.35089020771493 14.8739012443959
7223 0.405485544848038 14.8743956208862
8913 4.95333333333372 14.8748896310361
8914 4.95336787564782 14.8753832753879
599 0.580621301775144 14.875876554483
4391 5.18107908351902 14.8763694688616
14438 1.9468242245199 14.8768620190625
4518 0.537269372693722 14.8773542056236
1730 0.918879056047183 14.8778460290813
4516 0.537214443625642 14.878337489971
11686 3.54270986745212 14.8788285888268
11687 3.54304635761568 14.8793193261818
3701 0.950735294117644 14.8798097025678
6067 2.18442321822201 14.8802997185154
6065 2.18428781204101 14.880789374554
7422 6.22964049889917 14.8812786712121
2730 0.447947214076246 14.8817676090167
9013 3.56996336996336 14.8822561884938
14355 3.35065885797935 14.8827444101682
3183 0.684711046086328 14.8832322745637
1831 0.574561403508779 14.8837197822027
7946 2.22205989773557 14.8842069336067
1770 2.48467153284671 14.8846937292959
2516 0.684901531728656 14.8851801697893
14303 5.93513119533429 14.885666255605
1786 3.2614712308816 14.8861519872597
9866 0.697962154294044 14.8866373652693
7585 1.06763636363634 14.8871223901482
707 3.77252906976708 14.8876070624099
8993 5.60058097312936 14.8880913825668
8992 5.60014513788144 14.8885753511301
11688 3.54242204495993 14.8890589686099
229 5.16956521739104 14.8895422355152
2842 2.56842867487342 14.8900251523539
1621 1.2004341534009 14.8905077196328
11010 2.07953723788857 14.8909899378576
1251 3.09537572254359 14.8914718075328
14336 0.66859205776174 14.891953329162
14337 0.668109668109664 14.8924345032476
6898 3.75126171593396 14.892915330291
3224 0.0814121037463976 14.8933958107922
5976 0.73146148308135 14.8938759452506
4463 1.61438848920856 14.8943557341642
9865 0.697340043134445 14.89483517803
5045 2.61350574712643 14.895314277344
14354 3.35104091887988 14.8957930326009
2080 4.11692969870824 14.8962714442947
2503 2.61362007168449 14.896749512918
1049 6.11031518624557 14.8972272389626
8445 0.163922691481746 14.897704622919
14275 5.93991416309117 14.8981816652769
2244 1.44460328806295 14.8986583665247
9355 0.120714285714285 14.89913472715
13567 3.74089935760201 14.8996107476391
975 1.19543509272464 14.9000864284774
14151 1.1952957947256 14.9005617701494
2060 1.07122507122505 14.9010367731382
10453 3.74092526690367 14.9015114379263
14465 4.23186344238957 14.9019857649948
14304 3.74058280028474 14.902459754824
5112 6.17471590909113 14.9029334078931
14464 4.23207948899889 14.9034067246802
14262 1.78297872340416 14.9038797056625
14267 1.78313253012054 14.9043523513163
4696 4.68413597733734 14.9048246621165
6457 4.68435951875436 14.9052966385374
7628 2.66195190947678 14.9057682810521
1935 4.12014134275665 14.9062395901326
1647 4.47951977401149 14.9067105662502
2411 4.47988708539166 14.9071812098749
14474 1.93088857545854 14.9076515214758
7627 2.66173361522217 14.9081215015211
3700 0.949999999999999 14.9085911504779
11524 2.16537649542581 14.9090604688125
14376 3.43248945147645 14.9095294569899
1666 5.30709768095604 14.9099981154743
14309 3.43258426966276 14.910466444729
9354 0.120701754385965 14.9109344452162
14308 3.43267882187906 14.9114021173972
14379 5.93482831114115 14.9118694617323
9264 1.51610644257703 14.9123364786808
14437 2.48845346396086 14.912803168701
5139 0.779020979020967 14.9132695322504
1836 3.24947589098512 14.9137355697854
5844 4.94343575418965 14.9142012817615
5845 4.94347522679669 14.9146666686332
72 1.23570432357042 14.9151317308541
5821 0.045993031358885 14.9155964688769
9854 5.43802228412266 14.9160608831532
14251 0.779401530967283 14.9165249741338
12772 3.68915159944354 14.9169887422684
10528 3.29117442668498 14.917452188006
1891 5.12708333333325 14.9179153117944
3520 0.364330326162391 14.9183781140808
7416 3.47503467406427 14.918840595311
3175 2.42688842688839 14.9193027559303
3173 2.42659279778397 14.9197645963829
3780 1.24429065743946 14.9202261171121
8135 1.00138312586445 14.9206873185602
4154 6.0552868002774 14.9211482011687
14334 4.23204419889487 14.9216087653782
7862 1.68391994478948 14.9220690116282
11536 4.96344827586127 14.9225289403575
6899 3.75189524465834 14.9229885520039
2839 4.06611570247927 14.9234478470042
1646 3.23881624225715 14.9239068257946
5127 3.55226960110032 14.92436548881
5189 1.71958762886597 14.9248238364848
6595 2.35645604395615 14.9252818692522
2144 2.86822237474249 14.9257395875445
1774 0.323045267489711 14.9261969917935
6593 2.35640849897198 14.9266540824296
6661 5.55753424657438 14.9271108598827
14071 5.8261464750171 14.9275673245815
7315 1.01504787961698 14.9280234769542
6062 1.01503759398498 14.9284793174278
3739 2.56420765027305 14.9289348464286
2854 2.56382252559717 14.9293900643818
9265 1.51568894952246 14.9298449717121
9263 1.51601908657127 14.9302995688431
7169 5.06811989100806 14.9307538561974
7170 5.06807351940158 14.931207834197
2430 1.48027210884352 14.9316615032629
6024 2.14683888511231 14.9321148638154
1688 1.07472826086954 14.9325679162736
1687 1.07467752885272 14.9330206610562
6023 2.14721845318873 14.9334730985806
2729 0.448135593220334 14.9339252292637
201 1.70934959349588 14.9343770535213
1545 1.6073121191605 14.9348285717687
3104 6.20297699593946 14.9352797844198
2368 3.63624070317765 14.9357306918883
3174 2.42702702702693 14.9361812945865
14426 0.114112086428089 14.9366315929263
3212 1.20175438596487 14.9370815873184
4968 1.66082265677689 14.937531278173
11640 6.21226415094227 14.9379806658993
203 1.70909090909086 14.9384297509056
14288 4.16823687752332 14.9388785335995
923 1.50302622730325 14.9393270143878
14428 1.00134408602155 14.9397751936764
8038 1.27736736064474 14.9402230718704
7204 2.90671140939624 14.9406706493741
8946 1.83232729711611 14.9411179265909
11639 6.21246648793459 14.9415649039235
1359 2.50837240455473 14.9420115817739
2824 1.23962516733602 14.9424579605429
4760 6.1257525083605 14.9429040406309
1125 0.074866310160428 14.9433498224374
4761 6.12625250500892 14.9437953063608
11268 0.375166889185583 14.9442404927992
280 0.375583722481651 14.9446853821495
10941 4.67333333333295 14.9451299748079
1269 1.76282478347775 14.94557427117
4226 1.76298268974709 14.9460182716305
4517 0.537591483699274 14.9464619765831
8826 4.8743351063835 14.9469053864209
1970 4.874418604652 14.9473485015364
6852 4.17994687915018 14.947791322321
7601 0.0783012607830125 14.9482338491654
1008 3.83090185676426 14.9486760824597
9648 5.08813783962931 14.949118022593
12782 4.48013245033046 14.9495596699537
11116 2.85771012574475 14.9500010249296
2463 2.02116402116393 14.9504420879074
9612 0.1044282881692 14.9508828592733
14420 0.104359313077939 14.9513233394127
12065 5.19207920792097 14.95176352871
1527 2.86279683377333 14.9522034275493
14325 4.66974291364513 14.9526430363134
8483 2.25889328063228 14.9530823553848
12064 5.19223173140292 14.9535213851449
118 0.668421052631563 14.9539601259746
7948 2.22222222222212 14.9543985782539
4462 1.61432325886997 14.9548367423622
3250 5.68483256730168 14.9552746186778
3214 3.25787401574783 14.9557122075788
11377 1.57311475409842 14.9561495094421
11267 0.375491480996072 14.956586524644
4771 0.360838244924687 14.9570232535602
2453 3.81609947644004 14.9574596965654
6659 5.55722694571666 14.9578958540338
6660 5.55751633986926 14.9583317263387
1310 0.713912475506198 14.9587673138529
1311 0.714099216710185 14.9592026169481
3748 4.75799086757985 14.9596376359956
7034 5.68513689700198 14.9600723713659
3727 2.79153094462529 14.9605068234286
929 5.63802083333371 14.9609409925528
9873 5.63760572543916 14.9613748791068
10438 0.609882964889468 14.9618084834581
13812 5.82651072124717 14.9622418059737
14072 5.82662337662277 14.9626748470195
8426 3.29461388708613 14.9631076069611
10639 0.680933852140076 14.9635400861633
1226 6.16007777057563 14.9639722849898
2615 6.15997409326279 14.9644042038042
2088 0.0252427184466019 14.964835842969
2066 5.24967658473401 14.965267202846
7629 2.66192630898512 14.9656982837964
9875 1.28165374677004 14.9661290861809
12644 1.32149774047769 14.966559610359
14463 2.41612903225808 14.9669898566899
14 4.36234687298466 14.9674198255321
8346 2.82667525773223 14.9678495172432
8345 2.82678686413398 14.9682789321802
8447 4.89253539253575 14.9687080706995
7586 1.06752411575559 14.9691369331566
1319 0.0494858611825192 14.9695655199066
7992 3.47527296082239 14.9699938313037
14462 2.41591784338915 14.9704218677015
473 2.81654906991636 14.9708496294529
7863 1.68333333333333 14.9712771169101
9406 4.3260730301091 14.9717043304247
10942 4.67413572343216 14.9721312703475
1444 5.63787587971851 14.9725579370287
7993 3.47506393861927 14.9729843308179
9555 4.74760383386595 14.9734104520639
896 5.19220945083064 14.9738363011149
7817 4.08487555839192 14.9742618783184
8448 4.89221938775455 14.9746871840213
11142 1.97450605481197 14.9751122185698
6742 0.368152866242038 14.9755369823093
12740 0.998090388287733 14.9759614755848
10323 1.47709923664129 14.9763856987405
12711 5.90972663699978 14.9768096521199
11143 1.97458703938997 14.977233336066
1108 1.4444444444444 14.9776567509209
4021 3.75507614213206 14.9780798970263
3980 3.4007609384906 14.9785027747231
2061 1.07097591888469 14.9789253843516
1683 0.918936035465514 14.9793477262515
7583 5.95253164556828 14.9797698007617
1317 1.63693864642638 14.9801916082207
5044 2.61378002528464 14.9806131489661
729 0.0372710044219836 14.9810344233351
12127 0.731060606060618 14.981455431664
3262 5.08832807570898 14.9818761742887
10640 0.680958385876429 14.9822966515443
1014 5.36546943919399 14.9827168637653
766 0.577455919395468 14.9831368112858
2220 2.87098804279397 14.9835564944389
10322 1.47672955974851 14.9839759135573
3714 1.60465116279061 14.9843950689729
4970 1.66080402010048 14.9848139610173
5187 1.71939736346518 14.9852325900211
5188 1.71957340025102 14.9856509563145
5904 0.164263322884013 14.986069060227
4070 3.50125313283254 14.9864869020876
4049 1.84220413274899 14.9869044822244
5905 0.163954943679599 14.9873218009652
995 0.687929956222655 14.987738858637
9139 1.84250000000011 14.9881556555663
1644 3.23860087445305 14.9885721920789
9342 0.0817727840199752 14.9889884684999
1645 3.23892701185252 14.9894044851541
10440 0.609725685785528 14.9898202423654
1569 5.69532710280458 14.9902357404571
1570 5.69551681195508 14.9906509797522
10439 0.60983198506534 14.9910659605727
6743 0.368159203980103 14.9914806832403
10079 2.9564947172159 14.991895148076
1325 0.0254658385093167 14.9923093554001
6128 0.0254500310366232 14.9927233055324
14472 4.8995037220842 14.9931369987921
13045 0.0340979541227526 14.9935504354979
1776 0.323420074349444 14.9939636159677
627 3.50092879257002 14.9943765405189
1568 5.69492574257512 14.9947892094684
14314 3.1502782931351 14.9952016231325
6853 4.17985166872719 14.9956137818267
14313 3.15009264978348 14.9960256858662
7168 5.06790123456748 14.9964373355654
1111 0.519432449105491 14.9968487312382
1110 0.519728729963003 14.997259873198
146 5.49106592729468 14.9976707617575
1775 0.32327586206897 14.9980813972288
568 3.48369230769256 14.9984917799236
14346 4.47047970479762 14.9989019101529
8344 2.82667486170895 14.9993117882271
4759 6.12592137592254 14.9997214144561
764 0.577655003069366 15.0001307891491
7611 1.79386503067484 15.0005399126149
12791 0.104230533415083 15.0009487851617
2455 3.81617647058807 15.0013574070971
4020 3.75505205143865 15.001765778728
2035 5.18482252142045 15.002173900361
3228 2.06299694189597 15.002581772302
5081 1.747555012225 15.0029893948562
9381 2.76114844227216 15.0033967683285
9014 3.57020757020756 15.0038038930231
7276 1.83221476510064 15.0042107692436
2034 5.18475609756108 15.0046173972932
5082 1.74771480804379 15.0050237774745
4809 0.33373934226553 15.0054299100893
9339 1.64394400486909 15.0058357954392
9340 1.64416058394167 15.0062414338252
9379 2.76109422492408 15.0066468255474
6458 4.68408262454419 15.0070519709057
1618 1.83181542197946 15.0074568701995
5843 4.94356796116524 15.0078615237273
9012 3.57004244996967 15.0082659317875
455 5.88727272727325 15.0086700946775
253 4.88370684433676 15.0090740126945
254 4.88317191283288 15.009477686135
8825 4.87416817906823 15.0098811152951
5860 3.64993954050832 15.0102843004702
7813 0.111178247734139 15.0106872419552
1141 5.4136473429946 15.0110899400445
866 5.41339770669893 15.0114923950321
556 3.80639324487363 15.0118946072112
13774 0.432188065099452 15.0122965768747
14427 1.1469879518072 15.0126983043148
3751 6.24683925346133 15.0130997898233
8685 0.34657039711191 15.0135010336913
1071 1.58448586891169 15.0139020362097
1070 1.58473557692302 15.0143027976685
6585 2.58978978978981 15.0147033183574
4243 2.59003601440574 15.0151035985656
14338 6.17456508698304 15.0155036385816
12967 1.77038369304555 15.0159034386935
6164 0.687837028160559 15.016302999189
5621 1.13413173652694 15.0167023203549
2033 1.66906044284864 15.017101402478
2032 1.66925837320578 15.0175002458442
2583 3.22952779438144 15.017898850739
2582 3.22998805256836 15.0182972174474
604 4.48895522388105 15.0186953462538
8064 4.48926014319855 15.0190932374424
2344 2.91472868217042 15.0194908912965
13038 1.86471990464852 15.0198883080992
14367 1.86480047647395 15.0202854881328
199 2.19285714285721 15.0206824316793
4382 2.19274241522892 15.0210791390201
1245 6.19976218787022 15.0214756104363
8891 1.46821152703501 15.0218718462083
457 1.46852731591449 15.0222678466159
2012 1.38872403560836 15.0226636119387
471 5.96797153025015 15.0230591424556
5115 0.002963841138115 15.023454438445
9955 1.02369668246448 15.023849500185
2697 2.68620485494364 15.0242443279529
240 5.31656804733836 15.0246389220258
212 1.751626256653 15.0250332826801
5635 3.9521276595748 15.0254274101918
10720 4.18310691080947 15.0258213048365
5634 3.95218417945717 15.0262149668891
12680 1.32153392330381 15.0266083966241
4364 5.97228773585035 15.0270015943156
5030 0.644667059516782 15.0273945602372
5031 0.644287396937578 15.0277872946619
11207 0.00294290759270159 15.0281797978624
3749 4.75764705882354 15.0285720701106
11032 5.10640799529757 15.0289641116783
14364 0.52820211515863 15.0293559228366
509 3.49148561362267 15.0297475038562
5043 5.66079812206643 15.0301388550072
5042 5.66099706744925 15.0305299765595
11199 5.99824150058623 15.0309208687822
11198 5.99824253075661 15.031311531944
5690 1.41100702576112 15.0317019663134
5689 1.41135166764196 15.0320921721581
7314 0.584795321637427 15.0324821497455
14282 1.04909409701932 15.0328718993425
3883 0.465537383177563 15.0332614212155
3882 0.465265615878571 15.0336507156305
7138 0.172695449241541 15.0340397828529
7137 0.17259475218659 15.0344286231478
5704 2.31526806526796 15.0348172367797
762 2.31508444962143 15.0352056240127
2818 4.15890570430687 15.0355937851105
9138 5.31937172774991 15.0359817203363
2817 4.15930232558125 15.0363694299527
14340 4.70947123765153 15.0367569142221
3918 6.01916376306711 15.0371441734062
3919 6.01915264074259 15.0375312077664
14339 4.70939675173975 15.0379180175635
14478 6.0260869565226 15.038304603058
7428 0.439745075318654 15.03869096451
5849 0.440069484655466 15.0390771021789
8380 4.09722222222225 15.0394630163237
8379 4.0971659919029 15.0398487072033
5113 6.17745664739919 15.0402341750756
3085 1.72790294627389 15.0406194201985
2741 1.72806004618931 15.0410044428293
3101 0.38141950375072 15.0413892432248
2823 4.27277970011538 15.0417738216414
1308 4.27262247838536 15.042158178335
14385 6.21543778801827 15.0425423135613
6315 4.13874496257851 15.0429262275751
4354 4.93498273878074 15.0433099206313
5733 3.51638872915493 15.0436933929839
11887 4.13850574712643 15.0440766448868
2164 4.9201608271103 15.0444596765932
2165 4.92020665901225 15.044842488356
913 5.67183017785367 15.0452250804278
12162 5.7729357798159 15.0456074530604
10472 0.814326647564448 15.0459896065054
11912 5.71477663230239 15.0463715410141
5087 5.71493989696506 15.0467532568371
3884 5.02402745995407 15.0471347542247
11838 0.0903373356203544 15.0475160334268
8725 2.34571428571436 15.0478970946928
11232 5.7372929754415 15.0482779382716
10150 1.21347031963469 15.048658564412
9793 3.83399885909931 15.0490389733619
849 3.85803876852966 15.0494191653692
14301 0.315099715099714 15.049799140681
14302 0.314920273348522 15.0501788995444
7115 2.04040978941369 15.0505584422058
7114 2.04038680318539 15.0509377689112
5939 1.82376350198966 15.0513168799061
5940 1.82386363636356 15.0516957754359
90 1.95513912549669 15.0520744557452
676 1.95516458569812 15.0524529210785
2745 5.98128190584376 15.0528311716796
3929 6.07766439909219 15.0532092077922
7618 5.02719546742143 15.0535870296593
3510 6.07757644394169 15.0539646375237
5194 0.804753820033963 15.0543420316275
9010 5.3269230769241 15.0547192122128
984 0.807801017524 15.0550961795209
8869 5.32711864406802 15.055472933793
5162 0.0976849237718801 15.0558494752696
4257 2.84762979683992 15.0562258041911
4256 2.84771573604078 15.0566019207972
9720 1.00845546786926 15.0569778253274
12247 4.98591549295834 15.0573535180207
12753 4.98592342342243 15.0577289991158
2040 1.11311198649409 15.0581042688508
14310 3.22159730033733 15.0584793274636
14311 3.22203485104034 15.0588541751916
11407 4.86629213483122 15.0592288122718
2490 4.86636720943314 15.0596032389408
1520 2.52020202020211 15.0599774554349
7077 4.76556365675785 15.0603514619898
7078 4.76569506726465 15.060725258841
14360 5.29131652661063 15.0610988462236
14361 5.29115341545429 15.061472224372
605 1.30945719082259 15.0618453935207
5684 4.4630872483216 15.0622183539034
5683 4.46282839575211 15.0625911057535
3159 0.402234636871516 15.0629636493043
12577 3.68900055834671 15.0633359847882
5177 5.37667410714224 15.0637081124377
5176 5.37702175125595 15.0640800324845
89 5.96488294314416 15.0644517451602
3796 1.40055710306402 15.064823250696
9405 4.32572383073489 15.0651945493225
153 2.54145798553139 15.0655656412701
152 2.54171301446041 15.0659365267688
2228 4.10339077265146 15.0663072060481
8187 0.0566666666666665 15.0666776793372
8188 0.056635202665186 15.067047946865
6139 1.43618201997782 15.0674180088599
2206 4.06932889628397 15.0677878655499
11529 5.1130820399118 15.0681575171628
13935 3.69196675900246 15.0685269639257
8469 1.93909191583625 15.0688962060657
5523 1.93912562257872 15.0692652438092
7652 3.66814159292058 15.0696340773825
7651 3.66777224986232 15.0700027070113
1285 3.30165745856365 15.070371132921
1284 3.30149088901126 15.0707393553367
12039 1.34050772626931 15.071107374483
12038 1.34087148372866 15.0714751905843
1623 5.9751929437699 15.0718428038645
8864 4.32892561983459 15.072210214547
58 0.473568281938318 15.0725774228552
2011 5.16951018161801 15.0729444290119
1289 2.90374037403773 15.0733112332394
1015 5.36393622869613 15.0736778357598
2316 3.83681318681317 15.074044236795
5136 2.71993410214185 15.0744104365661
5137 2.72008781558743 15.0747764352943
4802 2.80636313768536 15.0751422332002
5837 3.6469298245615 15.0755078305039
10149 1.21369863013697 15.0758732274255
14154 1.31872946330774 15.0762384241843
2072 4.49644225506219 15.0766034209997
6434 0.12800875273523 15.0769682180905
2299 0.498086386003286 15.077332815675
2300 0.498360655737713 15.0776972139714
14277 3.78481703986842 15.0780614131974
14278 3.78493449781724 15.0784254135705
6433 0.128205128205128 15.0787892153075
14347 4.47110141766725 15.0791528186253
4116 5.49100817438751 15.0795162237402
656 1.05555555555557 15.079879430868
10768 4.49646162221008 15.0802424402245
6053 4.66104461371045 15.0806052520248
6583 2.01576943991293 15.080967866484
6629 3.45271739130419 15.0813302838164
9839 4.17707767517734 15.0816925042365
1612 0.343648208469055 15.0820545279579
7516 6.1828540423218 15.0824163551943
2426 3.39316702819951 15.0827779861588
2427 3.39295392953887 15.0831394210642
4042 1.42903575297933 15.0835006601229
4043 1.42934488359507 15.0838617035472
6620 1.88419913419924 15.0842225515488
7408 3.28772309356421 15.0845832043392
11546 5.3048648648651 15.0849436621293
14468 3.90545650999501 15.0853039251301
14469 3.90550755939562 15.0856639935518
145 5.49379384781337 15.0860238676046
4222 0.899137001078766 15.0863835474983
4223 0.899191374663086 15.0867430334421
14406 5.04956896551777 15.0871023256452
14407 5.04954227248194 15.0874614243162
7526 0.0721205597416579 15.0878203296636
2497 0.35395373856912 15.0881790418954
2498 0.354301075268821 15.0885375612192
10869 4.01719505642055 15.0888958878426
12057 0.738453276047269 15.0892540219724
12058 0.738593666129901 15.0896119638155
770 4.90718884120122 15.0899697135781
10870 4.01715817694334 15.0903272714663
12175 2.80385852090011 15.0906846376859
4480 0.582753079807187 15.0910418124422
230 5.17237687366119 15.0913987959403
11743 5.29695024076968 15.0917555883848
12105 2.46096256684477 15.0921121899802
12106 2.46125066809174 15.0924686009305
2678 0.973824786324783 15.0928248214394
14380 5.16230646022391 15.0931808517105
4193 5.16221985058766 15.0935366919466
2082 2.75359999999985 15.0938923423507
8648 2.75373134328344 15.0942478031252
3841 2.80820458177959 15.0946030744721
138 5.55005324813691 15.0949581565932
14387 4.46833422032998 15.09531304969
137 5.55000000000049 15.0956677539637
4519 5.17809675704426 15.0960222696151
5277 4.20456960680182 15.0963765968446
5819 4.20446096654292 15.0967307358525
3746 2.15817409766447 15.0970846868386
14382 4.76074270557074 15.0974384500025
310 3.97136797454867 15.0977920255433
311 3.97138314785312 15.0981454136601
9158 5.43114406779543 15.0984986145514
9277 5.4314452091054 15.0988516284154
1184 3.63968253968218 15.0992044554502
8021 1.03860391327337 15.0995570958534
3747 2.1580338266385 15.0999095498223
3462 0.706814580031678 15.100261817554
6577 0.706969376979924 15.1006138992451
2651 5.07546174142557 15.1009657950921
2652 5.07542194092793 15.101317505291
6123 3.2145492883497 15.1016690300377
6124 3.21443624868274 15.1020203695277
956 3.36229594523415 15.1023715239559
1613 0.34947368421053 15.1027224935174
5505 5.57601262493334 15.1030732784067
5506 5.57623554153652 15.103423878818
1418 5.98370993168758 15.1037742949452
6362 1.08981092436974 15.1041245269819
6363 1.08976377952758 15.1044745751216
