14126 8367
6167 6687
6167 5460
6167 14139
6167 10584
6687 5460
6687 14139
6687 10584
5460 14139
5460 10584
14139 10584
9900 7543
9900 743
9900 8863
9900 2827
9900 2126
9900 8008
9900 11198
9900 10482
9900 6318
9900 805
9900 4035
9900 13487
9900 5341
9900 4746
9900 1266
9900 3112
9900 5004
9900 10289
9900 7209
9900 3436
9900 9055
9900 5558
12111 5163
12111 11243
12111 9450
12111 11884
12111 697
12111 2539
12111 5194
12111 8107
12111 8411
12111 11594
12111 13617
12111 14094
2216 11435
2216 8544
2216 6716
11435 8544
11435 6716
8544 6716
8544 4312
8544 4873
8544 11783
8544 4793
8544 1101
358 3434
358 7486
358 8716
358 2634
358 13306
358 5191
358 693
358 3686
358 8511
358 2701
3434 7486
3434 13306
3434 693
3434 3686
3434 8840
3434 8511
11149 3497
11149 453
11149 13257
11149 5238
3497 453
3497 13257
3497 5238
453 13257
453 5238
13257 5238
3293 4571
3293 540
3293 3438
3293 9508
3293 704
3293 11064
3293 1878
3293 5542
4571 540
4571 3438
4571 9508
4571 704
4571 11064
4571 1878
4571 5542
7394 9842
7394 3778
7394 2105
7394 9704
9842 3778
9842 9902
9842 13319
9842 8716
9842 3929
9842 11295
9842 12048
9842 4404
9842 2011
9842 805
9842 10986
9842 7766
9842 11016
9842 2230
9842 14065
9842 2449
9842 3227
9842 13065
9842 1004
9842 2105
9842 4747
9842 14144
9842 5674
9842 689
9842 10513
9842 3940
9842 4408
9842 11501
9842 2948
9842 1541
9842 6197
9842 14422
9842 9704
9842 11819
9842 3306
9842 2046
9842 11170
9842 1364
9842 12913
3778 11295
3778 805
3778 14065
3778 2449
3778 1004
3778 2105
3778 2119
3778 11669
3778 3940
3778 9704
3778 12913
1210 10030
1210 8302
1210 9574
1210 4780
1210 1922
1210 1314
1210 13179
1210 278
10030 10741
10030 5229
10030 3974
10030 11975
10030 9574
10030 4780
1597 4151
1597 7543
1597 13319
1597 9928
1597 12048
1597 8863
1597 2538
1597 3564
1597 11799
1597 7034
1597 4494
1597 12183
1597 2336
1597 5921
1597 23
1597 9001
1597 14079
1597 13258
1597 4149
1597 8897
1597 6891
4151 2735
4151 11799
4151 7034
4151 7713
4151 3928
9902 4977
9902 8716
9902 4404
9902 13995
9902 2449
9902 5614
9902 9557
13583 1502
13583 11727
13583 14447
13583 11122
13583 12274
13583 14288
13583 2459
13583 2987
13583 4898
13583 7944
13583 6817
13583 8210
13583 10083
13583 10596
13583 9164
13583 7399
13583 259
13583 1836
13583 3173
13583 10447
13583 7874
13583 13691
13583 8208
13583 13201
13583 1654
13583 12401
1502 11727
1502 11122
1502 6950
1502 6303
1502 3208
1502 7944
1502 2230
1502 529
1502 5287
1502 10658
1502 12401
11727 14283
11727 11185
11727 9732
11727 11411
11727 14447
11727 11122
11727 6622
11727 12274
11727 7944
11727 7399
11727 259
11727 1836
11727 14087
11727 13691
11727 8208
11727 12401
10744 6040
10744 13374
10744 6302
6040 13374
13374 6302
13816 10643
13816 13319
13816 12580
13816 12048
13816 9777
13816 9310
13816 11016
13816 13677
13816 6544
10643 13319
10643 12580
10643 12048
10643 12047
10643 1524
10643 2880
7543 13319
7543 12048
7543 8863
7543 2827
7543 583
7543 9001
7543 3112
7543 11941
7543 6891
13319 12580
13319 12048
13319 8863
13319 2538
13319 3564
13319 102
13319 2129
13319 3208
13319 9777
13319 9310
13319 11016
13319 2336
13319 8210
13319 1991
13319 5921
13319 13677
13319 12047
13319 1524
13319 11440
13319 12521
13319 7605
13319 12475
13319 9001
13319 9384
13319 9122
13319 4304
13319 14079
13319 6544
13319 5512
13319 10172
13319 2328
13319 2653
13319 8023
13319 14422
13319 4149
13319 2898
13319 12572
13319 12029
13319 1489
13319 6891
13319 3157
12580 12048
4430 4882
4430 5163
4430 4959
4430 12983
4430 2358
4882 5163
4882 4959
4882 12983
4882 2358
5163 4959
5163 12983
5163 2358
5163 14329
5163 7117
5163 13617
5163 14094
11058 7838
11058 10879
11058 1157
11058 10638
1386 10569
1386 3333
1386 9928
1386 6329
1386 2002
10569 3333
10569 9928
10569 6329
3333 9928
3333 6329
3333 2002
3333 3236
3333 8640
3333 935
9928 6329
9928 2002
9928 23
9928 13258
6329 2002
12742 2682
12742 1478
12742 11751
12742 7664
5617 2064
5617 10293
5617 4499
5617 1040
5617 8184
5617 12849
5617 2762
5617 3259
5617 10894
6900 8992
6900 11386
6900 11048
6900 10416
6900 9777
6900 11016
6900 9573
6900 14097
6900 9478
6900 3924
6900 3202
6900 7231
6900 5890
5835 9732
5835 13995
5835 10482
5835 6420
5835 7671
5835 1072
5835 2009
5835 6947
5835 8913
5835 4385
12432 5170
12432 2989
12432 5457
12432 8786
12432 1642
12432 9668
12432 8878
4948 12610
4948 8586
6150 10742
6150 115
6150 5296
6150 1407
6150 8680
6150 1793
6150 2273
6150 5440
13249 11416
13249 4400
13249 3072
13249 1444
13249 1327
13249 2680
13249 5472
11416 4400
11416 1444
11416 1327
11416 5472
4400 3072
4400 1145
4400 1444
4400 11223
4400 1856
4400 3217
4400 13526
4400 1525
4400 4133
4400 1327
4400 2680
4400 5472
4400 3079
12972 14317
12972 9605
12972 1987
12972 3428
12972 8689
12972 12425
12972 7903
12972 13315
12972 13379
14317 9605
14317 6476
4076 5695
4076 8111
4076 1037
4076 14283
4076 4404
4076 14447
4076 7406
4076 6132
4076 647
4076 12645
4076 5118
4076 7714
4076 1766
4076 1043
4076 10066
4076 5529
4076 7546
4076 2006
4076 11698
4076 11656
4076 1283
4076 5865
5695 8111
5695 1037
5695 14283
5695 9788
8111 1037
8111 14283
1037 14283
1037 4404
1037 14447
1037 7406
1037 5118
1037 5877
1037 9688
14283 6132
14283 647
14283 1283
14283 11503
14283 9788
4977 13995
4977 13956
4977 9557
4977 3668
4977 11105
2089 1910
2089 9640
4959 11164
4959 12983
4959 7512
4959 2369
4959 3039
4959 8799
2252 11368
11368 31
11368 9921
11368 1885
11368 3198
11368 991
11368 1426
6531 8698
8698 5567
8698 14237
8698 7159
12850 13908
12850 12726
12850 2735
12850 10311
12850 7713
12850 6950
12850 9921
12850 1153
12850 7253
12850 2230
12850 10267
12850 11810
12850 2844
12850 6714
12850 5607
13908 12726
13908 2735
13908 7713
13908 4645
13908 1153
13908 9265
13908 9235
13908 7950
13908 13680
13908 5607
13908 5131
12726 2735
12726 9921
12726 1426
12726 7089
2735 8646
2735 7713
2735 9539
2735 1041
2735 12403
2735 1153
2735 3928
2735 8594
2735 7950
2735 13922
2735 1178
2735 5607
4312 13853
4312 12744
4312 7400
4312 3753
4312 13450
4312 11734
4312 12778
4312 14057
4312 384
4312 13536
4312 7086
4312 5181
4312 2857
4312 5696
4312 8571
4312 188
4312 1101
12259 12773
12259 10350
12259 629
12259 12120
10623 9420
1151 3191
1151 9889
1151 685
1151 11508
3191 11508
6903 8930
6903 3508
6903 6942
6903 4541
6903 2007
6903 12100
6903 10914
6903 563
8064 13320
5533 13195
5533 10285
5533 3929
5533 14091
5533 7138
5533 11963
5533 13760
5533 9432
5533 1532
13195 10285
13195 3929
13195 4404
13195 459
13195 9297
13195 14091
13195 1657
13195 7138
13195 5832
13195 5254
13195 9432
13195 5332
13195 4671
10285 3929
10285 4404
10285 4352
10285 1267
10285 10019
10285 9297
10285 3102
10285 14091
10285 1657
10285 7138
10285 14258
10285 5353
10285 3269
10285 5832
10285 5254
10285 11963
10285 13760
10285 9432
10285 1532
10285 5332
10288 9478
10288 11584
10288 623
5659 2999
5659 6575
5659 13168
5659 3255
5659 3684
7471 743
7471 11362
7471 805
7471 14048
7471 11014
7471 5042
7471 3735
7471 4568
7471 4616
8716 3072
8716 743
8716 4404
8716 9450
8716 2634
8716 11245
8716 1145
8716 12363
8716 10986
8716 2687
8716 2449
8716 5614
8716 5415
8716 8912
8716 1695
8716 1727
8716 784
8716 6086
8716 252
8716 5494
8716 8350
8716 4667
8716 3144
8716 13765
8716 5794
8716 476
8716 10965
8716 2701
8716 9496
7408 9095
7408 6756
7408 12865
10211 346
10211 2630
10211 13571
346 2630
346 13571
3929 2230
3372 1329
3372 10760
1329 10760
11243 12983
11243 9450
11243 11245
11243 11198
11243 7879
11243 6318
11243 5433
11243 11884
11243 13847
11243 8674
11243 13487
11243 6045
11243 2830
11243 974
11243 8126
11243 12424
11243 697
11243 1943
11243 11225
11243 12638
11243 5194
11243 1478
11243 5137
11243 8107
11243 4933
11243 4682
11243 7599
11243 13888
11243 8411
11243 11594
11243 4846
11243 8569
11243 3423
11243 2899
11243 12616
11243 3935
11243 7191
11243 3350
11243 6899
11243 13617
11243 14094
11243 10281
12773 5432
12773 14209
12773 10611
12773 340
12773 12120
12773 8538
10350 629
9016 6388
9016 7386
13180 12035
13180 4004
14173 5479
14173 13031
14173 9447
14173 13524
5479 13031
5479 9447
5479 13524
13031 9447
13031 13524
9447 13524
6051 12048
6051 12794
6051 8741
3072 1145
3072 1444
3072 11223
3072 10164
3072 11485
3072 3839
3072 6041
3072 1599
3072 4133
3072 12862
3072 2680
3072 3079
3072 2840
3072 12856
11295 805
11295 14065
11295 1004
6762 3767
6762 7705
6762 1428
6762 10493
6762 4172
11185 9732
11185 11411
11185 11625
11185 10721
11185 6622
9732 11411
9732 6622
9732 7304
9732 1072
9732 2395
9732 1223
9732 12631
9732 5429
11411 11625
11411 10721
11411 6622
11411 2987
11411 10879
11411 7124
11411 14081
11411 8722
11411 7646
11411 13578
11411 8186
11411 14251
11625 10721
11625 13367
743 805
743 4667
3785 5771
3785 11420
3785 13875
3785 5538
5771 11420
11708 5977
11708 953
5977 953
12048 8863
12048 2538
12048 3564
12048 102
12048 9777
12048 11016
12048 12794
12048 8741
12048 2336
12048 8210
12048 1991
12048 5921
12048 11440
12048 12521
12048 7605
12048 12475
12048 9001
12048 14079
12048 10172
12048 2328
12048 2653
12048 8023
12048 14422
12048 4149
12048 6891
8863 2538
8863 3564
8863 102
8863 6318
8863 3208
8863 13487
8863 9777
8863 2336
8863 8210
8863 1991
8863 5921
8863 1524
8863 583
8863 8990
8863 7605
8863 12475
8863 9001
8863 6545
8863 14079
8863 10172
8863 1266
8863 4752
8863 3112
8863 11941
8863 1152
8863 4149
8863 1489
8863 6891
2538 3564
2538 102
2538 9777
2538 2336
2538 5921
2538 14079
2538 4149
3564 102
3564 10864
3564 8934
3564 2336
3564 5921
3564 14079
3564 4149
3564 1489
5080 10295
5080 8635
5975 9648
5975 12019
5975 12956
5975 5745
5975 3097
5975 12513
5975 7854
5975 6470
5602 9596
5602 14447
5602 3945
5602 4804
5602 2987
5602 583
5602 6386
5602 1254
5602 6767
5602 1152
5602 7215
5602 754
5602 13867
5602 14194
9596 6386
10742 115
10742 5296
7639 8078
7639 13776
10741 5229
10741 9227
10741 3974
10741 2011
10741 11975
5229 9227
5229 3974
5229 2011
5229 11975
610 4962
610 9561
610 3836
610 2669
610 289
610 12952
610 6676
610 8351
4962 9561
4962 3836
4962 328
4962 12952
4962 13714
9561 3836
3836 10917
3836 328
3836 12952
3836 13714
3836 11094
3836 13851
3836 11385
3836 7195
3836 3213
3836 1744
4404 14447
4404 7406
4404 8646
4404 10878
4404 6950
4404 12274
4404 3208
4404 3052
4404 6132
4404 5118
4404 3892
4404 13860
4404 3280
4404 12956
4404 14331
4404 2336
4404 1687
4404 5477
4404 10780
4404 14396
4404 437
4404 11694
4404 6056
4404 11141
4404 5763
4404 289
4404 7101
4404 9104
4404 13850
4404 13381
4404 11685
4404 7757
4404 8039
4404 5832
4404 4214
4404 4258
4404 9967
4404 7446
4404 3971
12307 4460
12307 8252
12307 11678
4460 7333
12289 2889
12289 3934
12289 131
12289 13128
12289 8677
12289 9849
12289 628
12289 13513
12289 4434
12289 1424
12289 10939
12289 9906
12289 10374
12289 11335
12289 10524
12289 4159
12289 8797
2889 3934
9195 5691
14447 7406
14447 5694
14447 3945
14447 4804
14447 2987
14447 7944
14447 5118
14447 14331
14447 6386
14447 1254
14447 13442
14447 1409
14447 10805
14447 8046
14447 6767
14447 7215
14447 754
14447 13867
14447 7016
14447 10033
2129 12810
2129 13560
2129 4011
2129 13853
2129 7766
2129 4745
2129 9281
2129 8990
2129 4470
2129 4815
2129 1057
2129 2957
2129 1987
2129 6545
2129 12152
2129 9053
2129 9384
2129 4304
2129 10144
2129 5404
2129 5512
2129 4752
2129 4269
2129 1036
2129 2146
2129 3252
2129 9852
2129 3006
2129 13226
12810 4011
12810 7766
12810 8560
12810 6545
12810 3252
13560 4011
13560 13853
13560 8990
13560 5404
13560 5371
13560 13665
4011 13853
4011 6545
8252 11678
11678 12956
11678 11911
9591 11908
9591 2684
9591 8994
9591 8708
9591 4741
9591 1023
9591 5095
9591 3682
9591 813
11492 13174
11799 7034
11799 8831
11799 7776
11799 10609
11799 2721
3461 2350
3461 13316
3461 5417
3461 2440
3461 12459
2350 13316
13316 5417
13316 2440
13316 12459
4937 2827
4937 805
2827 2682
2827 2064
2827 2126
2827 8008
2827 10293
2827 7700
2827 805
2827 4035
2827 14048
2827 5042
2827 5341
2827 8952
2827 3112
2827 5004
2827 10289
2827 7209
2827 3436
2827 9055
2827 7730
13853 6338
13853 4305
11122 10878
11122 2098
11122 6950
11122 6303
11122 3208
11122 14300
11122 12236
11122 637
11122 9874
11122 5972
11122 13075
11122 5631
11122 12401
7291 11501
7291 5263
7291 4954
2682 2064
2682 7664
2064 10293
2064 4121
2064 1863
2064 3602
2064 1040
2064 8706
2064 12223
2064 8184
2064 603
2064 6922
2064 4656
2064 10533
2064 8985
14248 12956
14248 6890
14248 12679
14248 13225
14248 3586
3314 1999
4587 6455
4587 548
2126 8008
2126 11607
2126 10482
2126 4035
2126 5341
2126 4746
2126 5004
2126 3436
2126 9055
2126 7730
7350 10311
7350 10535
10311 7595
10311 10535
10311 1675
10311 2511
10311 14334
10311 8915
10311 13782
10311 6714
10311 9754
10311 7305
253 167
253 2970
167 2970
7293 11679
7293 12308
7293 11764
7293 3376
7293 1104
7293 2299
7293 35
7293 6387
918 10138
918 5032
918 11072
918 12202
7558 6982
7558 8095
6982 8095
6982 9756
6982 3092
6982 12946
6982 5768
6982 3522
6982 5482
6982 1954
6982 11886
6982 517
6982 12907
6982 11981
6982 2472
6982 9947
6982 385
6982 5780
6982 12910
6982 9038
6982 12043
9756 3092
9756 5768
9756 3522
9756 1954
9756 12907
9756 11981
9756 2472
9756 9947
9756 385
9756 5780
9756 12910
9756 9038
9756 12749
9756 7527
6065 13182
6065 3671
6065 12262
6065 1406
6065 6138
13182 3671
13182 12262
13182 1406
13182 8846
13182 6138
3671 12262
3671 1406
3671 8846
4619 4604
4604 687
4604 32
9227 3974
3974 2011
3974 3779
3974 11975
3974 9281
3974 7089
3974 4468
12744 7400
12744 3753
12744 7754
7400 3753
7400 7754
7400 13786
7400 5340
11164 7512
11164 8799
12983 4974
12983 7879
12983 6318
12983 13306
12983 11995
12983 697
12983 5099
12983 6609
12983 7539
12983 11140
12983 1910
12983 14096
12983 2073
4974 5099
4974 7539
9450 6318
9450 697
9450 8107
9450 4682
9450 4876
9450 8350
14250 8678
14250 10708
14250 1767
8678 10708
8678 1767
8678 14023
10708 1767
11908 2684
11908 8994
11908 7444
11908 813
5545 12657
5545 3283
5545 5555
5545 6578
2634 11491
2634 7406
2634 10512
2634 11245
2634 5099
2634 13956
2634 8972
2634 11561
2634 4829
2634 13224
2634 10787
2634 2701
9025 10376
9025 13205
9025 3923
10376 13205
10376 3923
13205 3923
2523 4947
2523 2906
2523 9566
2523 9675
2523 4745
2523 8619
2523 9713
2523 54
11491 7406
11491 10512
11491 11245
11491 6711
7406 10512
7406 11245
7406 5118
7406 1043
7406 10066
7406 5529
7406 6711
10512 11245
11245 7879
11245 1997
11245 10269
11245 3236
8646 7713
8646 3892
8646 4993
8646 12374
8646 9265
8646 3928
8646 14396
8646 6056
8646 13922
8646 7446
8646 1178
1145 1444
1145 5614
1145 5415
1145 9496
3143 11016
3143 2806
3143 9559
3143 10539
3143 3422
3143 9398
3143 5565
3143 13983
3143 6922
3143 2657
3143 7319
3143 5830
3143 3458
3143 3722
3143 5726
3143 4539
3143 1306
6028 7119
6028 4046
6028 11327
7576 4454
7576 9146
7119 11327
7026 11444
7026 14365
7026 6993
7026 7148
9363 10792
9363 1096
10792 1096
1243 9968
9968 4738
9968 1961
9968 12547
9968 2200
9968 8977
9968 12871
11362 805
11362 4035
11362 14048
11362 13199
11362 9599
11362 3735
11362 4746
8008 4035
8008 5341
8008 5004
8008 3436
5041 12363
5041 6318
5041 12424
5041 697
5041 13059
5041 5194
5041 2907
2595 13443
31 13534
31 4951
31 9147
31 10492
31 10036
31 4320
31 7675
13534 4951
11607 3791
11607 10482
11607 5341
11607 7730
4592 6634
4592 11886
10540 8994
8994 13059
8994 5668
8994 1800
8994 14093
8994 8672
8994 8818
8994 4797
8994 677
3009 520
3009 50
7713 9539
7713 4645
7713 1041
7713 12403
7713 3928
7713 8594
7713 13922
7713 1178
14015 4618
14015 827
14015 13483
4947 2906
2906 1444
2906 4745
14013 8099
14013 12065
14013 614
8057 2584
8057 10557
2584 10557
5694 4454
5694 2987
5694 1725
5694 14448
5694 2230
5694 11975
5694 12269
5694 13442
5694 13252
5694 846
5694 230
5694 13343
5694 9694
459 5332
10878 3208
10878 2987
10878 10986
10878 6145
10878 2478
10878 13940
10878 13860
10878 6818
10878 1672
10878 8153
10878 846
10878 5631
10878 11660
10878 11926
5432 14209
5432 8538
14209 340
14209 12120
14209 8538
11603 7229
11603 4991
11603 1024
11603 1009
11603 1444
11603 7671
11603 5042
11603 2022
11603 8382
11603 10484
11603 2275
11603 5724
11603 10080
7229 4991
7229 1024
7229 1009
7229 7671
4991 1024
4991 1009
4991 5042
4991 2022
4991 8382
4991 10484
4991 2275
4991 5724
10864 8934
12363 13847
12363 12424
12363 13059
12363 5614
12363 2456
12363 2907
12363 3689
12363 5794
12363 476
12363 10965
10695 3023
10695 13928
10695 8799
2098 2344
2098 7673
2098 13075
2098 11859
11129 11686
11129 2341
11129 450
13995 13200
13995 3636
13995 5202
13995 10808
13995 8139
13995 9557
540 3438
540 9508
540 704
540 1878
540 5542
3438 9508
3438 704
3438 1878
3438 5542
9508 704
9508 1878
9508 5542
704 1878
704 5542
1537 10146
1537 11636
1537 1660
10146 11636
10146 1660
10146 3023
10146 12697
10146 6640
10146 2861
10146 8507
10146 2063
10146 6890
10146 5540
10146 12679
10146 14212
10146 7759
10146 2429
11636 1660
1660 213
11226 7823
11410 12284
11410 11620
11410 7631
11410 5991
11410 9102
11410 10607
11410 5621
11410 6146
11410 5899
12284 9102
12284 10607
12284 5621
12284 6146
12284 5899
6950 3208
6950 7944
6950 12374
6950 14368
6950 12236
6950 637
6950 9104
6950 5811
6950 7757
7512 8799
11198 6318
11198 4746
11198 3935
11198 10281
11198 5558
9605 6708
9605 10756
9605 6476
9605 1987
9605 2140
9605 12835
9605 2679
9605 9975
9605 13124
9605 13315
9605 11500
9605 13379
9605 10056
9605 6195
6708 8689
6708 12835
6708 13124
7421 7722
7421 7530
7421 5391
7421 5480
10482 13443
10482 4080
10482 5341
10482 7597
10482 9624
10482 7730
11444 14365
11444 6993
11444 7148
14365 6993
14365 7148
6993 7148
6455 7574
6455 548
7213 779
7213 11421
7213 1064
7213 11638
7574 548
7884 7815
7754 3287
7754 1250
7754 13786
7754 5340
7754 14057
7754 10677
7754 12549
7754 13965
7754 10752
7754 10898
9891 8804
7879 6318
7879 5433
7879 13487
7879 6045
7879 2830
7879 12424
7879 697
7879 7599
6318 5433
6318 13487
6318 6045
6318 2830
6318 974
6318 4016
6318 12424
6318 697
6318 1478
6318 14147
6318 5137
6318 4933
6318 4682
6318 7599
6318 1266
6318 4846
6318 8569
6318 3423
6318 2899
6318 12616
6318 3935
6318 7191
6318 3350
6318 6899
6318 10281
13361 4476
13361 8641
13361 12920
13361 4234
4476 8641
4476 4280
4476 12920
4476 4234
8641 6923
8641 4280
8641 12920
8641 4234
2011 375
2011 12052
2011 4678
2011 7766
2011 11975
2011 13065
2011 4747
2011 3418
7344 13926
7344 9884
7344 4850
7344 851
6420 1153
13306 14448
13306 13049
13306 1786
13306 693
13306 3686
13306 11140
13306 14096
13306 5818
4454 1257
4454 2987
4454 1725
4454 14048
4454 11975
4454 5213
4454 437
4454 4218
4454 2177
4454 12406
4454 2578
4454 14061
4454 10314
4454 6604
4454 9146
4454 12203
4454 13252
4454 846
4454 230
4454 9506
4454 3107
1257 11106
1257 5213
1257 437
1257 4218
1257 2177
1257 12406
1257 2578
1257 14061
1257 10314
1257 12203
1257 5525
1257 11722
1257 1768
1257 9506
1257 3107
3690 9935
3690 212
3690 725
3690 11637
3319 1415
1415 8166
1415 7044
1415 9200
1415 11593
1415 660
1415 9232
1415 12644
7197 179
7197 8457
256 1196
256 13963
256 10042
256 12420
1196 13963
1196 10042
1196 12420
13963 10042
13963 12420
10042 12420
375 12052
375 4678
375 5984
375 12412
375 10155
375 5326
375 12093
375 9347
375 14165
375 395
375 4601
375 5563
375 7281
375 12594
375 3001
375 5753
375 3418
12052 4678
12052 3418
4678 3418
4046 12975
4046 5246
4046 8707
12975 5246
12975 8707
3945 4804
3945 2987
8992 13443
8992 11386
8992 11048
13443 7035
13443 11386
13443 11048
13443 9741
13443 9624
3370 175
3370 7466
3370 9196
175 7466
7466 10895
7466 9196
1997 10269
1997 3236
10151 8553
11106 11679
11106 1350
11106 283
11106 5525
11106 11722
11679 1350
11679 283
11679 10652
11679 12615
11679 12308
11679 11104
11679 11764
11679 4391
11679 9697
11679 3376
11679 1104
11679 2299
11679 35
11679 6387
11679 9893
11679 6297
11679 14367
11679 1904
11679 816
11679 3749
11679 6467
11679 10134
11679 5018
11679 10415
11679 6378
11679 9302
1350 283
283 10652
283 12615
10293 11598
4354 6923
6923 6067
6923 6832
6923 3504
6923 4093
6923 4680
6923 10023
6923 7756
6923 10618
6923 13673
11484 7116
11484 4335
2866 5798
2866 3356
2866 5727
12901 12274
12901 14288
12901 3089
12274 14288
12274 3089
12274 2459
12274 12622
12274 8210
12274 10083
12274 11141
12274 10596
12274 9164
12274 462
12274 3173
12274 10447
12274 7874
12274 2060
14288 3089
14288 8210
14288 10083
14288 10596
14288 9164
9648 12019
9648 13199
9648 8530
9648 4037
9648 5745
9648 8778
9648 3463
9648 4524
9648 14220
9648 9868
9648 7854
9648 1482
9648 1726
9648 12422
14296 10061
14296 7479
10061 7479
10061 5917
2597 12470
12470 12343
6303 3208
6303 2230
6303 5287
6303 5972
3208 7944
3208 11734
3208 13860
3208 14368
3208 5921
3208 529
3208 4378
3208 583
3208 7559
3208 6386
3208 11551
3208 10658
3208 1672
3208 8153
3208 10473
3208 8289
3208 2753
3208 3632
3208 7433
3208 11136
3208 2480
3208 7301
3208 1152
3208 13889
3208 678
3208 5929
3208 9428
3779 7089
4645 9265
4645 9235
4645 1651
12408 3701
3701 7077
3701 6145
3701 4364
3701 913
3701 2238
3701 12696
3701 1336
3701 2836
3701 2484
3701 4540
1680 4473
11884 5194
11884 11594
5324 12019
5324 4179
5324 998
8785 8123
8785 1076
8785 5413
8785 7339
8785 13325
8785 4102
8785 14464
8785 12872
8785 4643
5159 4767
4804 2987
4804 1409
4804 7215
4804 4048
2987 1725
2987 7944
2987 13860
2987 14331
2987 11975
2987 6386
2987 2
2987 1254
2987 13887
2987 14081
2987 8722
2987 1409
2987 13252
2987 5005
2987 846
2987 230
2987 10467
2987 6767
2987 7215
2987 754
2987 13867
805 10986
805 7670
805 14048
805 14065
805 9478
805 1004
805 5042
805 3735
805 689
805 3818
805 10513
805 3940
805 4408
805 2948
805 1541
805 6197
805 10289
805 7209
805 3988
13365 2732
14405 9870
14405 7250
9870 7250
8634 6738
8634 13022
8634 6328
6738 13022
6738 6328
9935 212
9935 4246
9935 6241
9935 3245
212 4246
212 8123
212 6241
212 3245
212 13044
10986 5724
10986 4008
10986 10513
10986 3940
10986 11793
10986 5051
10986 11660
10986 11926
10986 11204
10986 2447
12610 9024
12610 7531
12610 8586
9024 7531
14299 4352
5965 1267
5965 13029
5965 13107
4352 1267
4352 3784
4352 11360
1267 1356
1267 8022
1267 12823
1267 10617
1267 13029
1267 13107
7595 1675
7595 2511
11177 5221
11177 11396
11177 9295
6055 1810
2669 10464
2669 10888
2669 1815
2669 2341
2669 289
2669 11390
2669 1651
2669 6676
2669 8351
2669 1676
10464 10888
627 8710
627 9643
627 5548
627 2660
3052 4214
3052 13553
1725 11975
1725 2
1725 13887
1725 13252
1725 5005
1725 846
1725 230
1725 10467
13847 8674
13847 12424
13847 1943
13847 12638
13847 5042
13847 2456
13847 3258
13847 3097
13847 13888
13847 3689
11995 2073
8674 1943
8674 12638
8674 5042
8674 3258
8674 3097
8674 13888
9921 1885
9921 1426
9921 7089
9921 10267
9921 11810
9921 2844
1024 1009
1024 7671
1009 7671
7035 9741
11386 11048
10547 7367
10547 12922
10547 9249
10547 8667
10547 13167
10547 937
10547 8449
10547 981
10547 9809
7367 12922
7367 9249
7367 8667
7367 13167
7367 937
7367 8449
7367 981
7367 9809
12922 9249
12922 8667
12922 13167
12922 937
12922 8449
12922 981
12922 9809
9249 8667
9249 13167
9249 937
9249 8449
9249 981
9249 9809
8667 13167
8667 937
8667 8449
8667 981
8667 9809
13167 937
13167 8449
13167 981
13167 9809
937 8449
937 981
937 9809
8449 981
8449 9809
981 9809
10416 9573
10416 9478
10416 3202
10416 7231
4035 4746
4035 5004
1244 9163
10652 12615
10652 6297
10652 14367
10652 1904
9267 3583
9267 5736
10962 7943
10962 6586
10962 5991
10962 4142
10962 2302
10962 13455
7943 6586
7943 5991
7943 4142
6586 5991
6586 4142
10595 14179
4499 1040
4499 10894
13487 6045
13487 974
13487 4016
13487 8126
13487 697
13487 11225
13487 7290
13487 14147
13487 4682
13487 1266
13487 4381
13487 5241
6045 974
6045 4016
6045 8126
6045 697
6045 11225
6045 14147
6045 4682
2830 12424
2830 7599
974 4016
974 14147
974 5137
974 3423
974 12616
974 7191
974 3350
974 6899
4016 7290
4016 14147
4016 4381
4016 5241
8126 11225
4898 7944
4898 647
4898 637
4898 6302
4898 1032
4898 11246
4898 2909
4898 10022
4898 10871
7944 2230
7944 12374
7944 6817
7944 11246
7944 5811
7766 13065
7766 4747
6698 8400
6698 12047
6698 1524
12424 697
12424 13059
12424 1478
12424 2456
12424 4933
12424 7599
12424 2907
12424 3689
12424 2899
6132 647
6132 5118
6132 14457
6132 4665
6132 7546
6132 2006
6132 11698
6132 5865
7670 14048
14048 5042
14048 3735
14048 8952
14048 6604
11115 10284
11115 14418
4929 4411
4929 12861
4929 647
4929 10239
4929 8495
4929 197
4929 12867
4929 7251
4929 14480
4929 7953
4929 13032
4929 2271
4411 12861
4411 647
4411 12867
4411 985
4411 7502
4411 6362
4411 2277
4411 3833
4411 2271
12861 647
12861 12867
12861 985
12861 6362
12861 2271
9777 9310
9777 11016
9777 2336
9777 5921
9777 13677
9777 12521
9777 7605
9777 9122
9777 6544
9777 2653
9777 3157
9310 11016
9310 6544
11016 2806
11016 2687
11016 5614
11016 9559
11016 2880
11016 10539
11016 11440
11016 6544
11016 8023
11016 14422
11016 619
11016 7314
697 1478
697 8107
697 4933
697 4682
697 3423
697 2899
697 3935
2369 3039
6986 176
6986 9738
6067 647
6067 295
6067 13673
647 295
647 985
647 6302
647 11246
647 6362
647 2277
647 5811
647 7953
647 13032
647 4500
647 2271
1041 12403
1041 3928
1041 8594
12403 3928
12403 8594
11325 825
1943 12638
1943 11525
1943 10018
1943 13888
7077 6145
7077 12696
7077 1336
7077 2836
7077 2484
7077 4540
8608 6405
8608 4272
8608 4687
8608 2270
6405 4272
6405 4687
6405 2270
4272 4687
4272 2270
3767 7705
3767 1428
3767 10493
3767 4172
1906 5624
1906 8976
1906 1328
1906 2244
5624 8976
5624 1328
5624 2244
8976 1328
8976 2244
1328 2244
6145 2478
6145 13940
6145 6818
6145 2836
6145 4540
12762 4738
12762 11039
12762 7836
12762 4519
14300 12807
14300 3336
14300 637
1153 13102
1153 4470
1153 10756
1153 2957
1153 13680
1153 1232
1153 12004
1153 5607
1153 5131
14448 10239
14448 8495
14448 197
14448 2630
14448 13571
14448 5837
14448 5364
14448 12269
14448 7251
14448 11690
14448 11140
14448 1778
14448 3457
14448 13244
14448 13343
14448 8253
14448 7929
14448 9694
14448 5818
2478 13940
2478 6818
13940 6818
12645 5118
12645 2006
12645 11656
4618 827
827 8677
827 628
827 2
827 6078
827 11874
827 13772
3694 10329
3694 10855
5854 1444
1444 10929
1444 10164
1444 1327
1444 12862
1444 10080
1444 2680
1444 5472
1444 2840
1444 12856
3092 5780
3092 9038
8082 10404
8082 11866
10404 11866
11437 10190
11437 9595
11437 9720
10239 8495
10239 197
10239 7251
10239 14480
8495 197
8495 7251
8495 14480
8495 7738
8495 1317
8495 10006
8495 5738
8495 586
197 7251
197 14480
4494 12183
4494 8897
12183 8897
5411 815
8113 2309
8113 10831
8113 11366
2309 10831
2309 11366
10831 11366
13450 8571
13450 188
11734 384
11734 13536
11734 8153
11734 3632
4508 5226
4508 11445
4508 12247
4508 6963
5226 11445
5226 12247
5226 6963
5226 13438
5099 13956
5099 8972
5099 6609
5099 1956
5099 1587
5099 7539
7253 8611
7253 5778
7253 3883
7253 8770
7253 3318
99 12987
12433 5118
5118 7714
5118 1766
5118 498
5118 2006
5118 11656
13502 11223
13502 14444
11223 14444
11223 3336
11223 5778
11223 4133
11223 3079
12905 12839
13128 8273
13128 8677
13128 10939
8273 8677
8677 12625
8677 628
8677 2
8677 6078
8677 11874
8677 10524
8677 13772
8677 4159
8677 8797
8677 282
3023 12638
3023 6640
3023 6023
3023 14082
3023 592
3023 8652
3023 13928
3023 8799
3023 6890
3023 12679
5877 7114
5877 9688
3336 5778
3336 12884
5778 12884
5778 8706
5778 2468
5778 3104
5778 4133
5778 11772
5778 7869
5778 2258
5778 1564
5778 1487
2230 14144
2230 5287
2230 3940
2230 11501
2230 11819
2230 3880
4241 9573
4241 12484
9573 12484
9573 3593
9573 2306
8831 7776
8831 10609
8831 2721
7776 10609
7776 2721
10609 2721
7611 7797
7611 7143
7611 9621
7611 654
7797 7143
7143 9621
7143 2439
7143 427
7143 14141
7143 13341
7143 654
2039 444
2039 7438
2039 14431
2039 7282
444 7438
444 14431
444 7282
7438 14431
7438 7282
7438 10095
7438 10824
7438 7584
7438 5670
7438 13066
14431 7282
14431 10095
14431 10722
14431 5980
14431 2333
14431 10824
14431 7584
14431 5670
14431 13066
14431 12450
14431 3455
14431 10961
2806 2880
2806 10539
2806 7314
2687 5614
2687 4527
2687 11476
2687 8912
2687 1727
2687 784
2687 6086
2687 252
2687 5494
2687 4840
3892 8692
3892 9265
3892 9235
3892 9213
3892 6056
3892 10756
3892 3561
3892 1254
3892 14457
3892 2024
3892 4551
4993 3928
8560 3252
9621 654
12374 6817
12374 1032
12374 5811
13860 1672
13860 8153
13860 846
4333 1960
4333 11438
1960 11438
1960 9308
1960 3203
12638 6023
12638 14082
12638 592
12638 8652
12638 13888
9297 5832
10273 11592
10273 13469
11592 13469
3102 3269
5740 9102
5740 5534
8166 7044
8166 9200
8166 11593
8166 660
8166 9232
7044 9200
7044 11593
7044 660
7044 9232
9200 11593
9200 660
9200 9232
9200 8397
11593 660
11593 9232
11593 12644
660 9232
8101 611
8101 5741
611 1060
611 5633
611 5741
8930 765
8930 7608
8930 12464
12019 4179
12019 998
12019 13059
12019 5081
12019 4037
12019 3097
12019 12154
12019 14238
4179 998
4521 9044
4521 4817
4521 39
9044 4817
9044 39
4817 39
2539 5194
2539 2525
2539 12472
2539 9554
2539 11594
6327 526
6327 4527
6327 5168
6327 452
6327 12060
6327 12671
6327 5981
6327 9498
5170 1642
5170 9668
5170 8878
5057 7192
12794 8741
2712 14065
2712 2446
14065 2446
14065 1004
12697 6640
12697 2861
6640 2861
6640 8507
6640 2063
6640 6890
6640 12679
12115 6031
12115 6942
12115 2387
12115 7586
12115 12985
12115 9752
12115 10914
12115 2298
12115 10110
12115 10414
12262 1406
10860 445
10860 832
445 832
6023 14082
6023 592
6023 8652
14082 592
14082 8652
592 8652
3280 2336
3280 437
3280 5832
4246 8123
4246 6241
4246 1847
4246 7791
4246 4008
4246 3245
4246 13044
8123 6241
8123 1847
8123 1076
8123 5413
8123 13044
6241 1847
6241 3245
6241 13044
13200 3636
13200 5202
3636 5202
4280 12920
4280 4234
4280 5367
4280 7575
4280 9094
4280 13645
4280 193
12920 4234
13956 8972
13059 5668
13059 5194
13059 7017
13059 3097
13059 2907
5367 13953
5367 13140
5367 7711
5367 7513
5367 12227
5367 4707
5367 13680
5367 7575
5367 1114
5367 9094
5367 1369
5367 10252
5367 14471
5367 13645
5367 193
5367 3645
13953 13140
13953 7711
13953 7513
13140 7711
13140 7513
7711 7513
7513 4707
7513 7575
7513 1114
7513 9094
7513 1369
7513 10252
7513 14471
1645 12137
1645 7176
1645 5951
1645 7241
1645 1354
2449 3227
2449 1715
2449 956
2449 3940
2449 3306
2449 2046
2449 11170
2449 1364
2449 12913
12956 14331
12956 12867
12956 1815
12956 2341
12956 10756
12956 9239
12956 11840
12956 13403
12956 6539
12956 7101
12956 7837
12956 5312
12956 14220
12956 1924
12956 12835
12956 12939
12956 12418
12956 12004
12956 13441
12956 3124
12956 11911
12956 3586
7671 9566
7671 6947
9566 8619
7714 1766
3519 4359
6388 779
6388 5456
6388 2624
6388 10158
6388 4975
6388 3270
6388 10079
6388 8520
6388 13871
6388 12771
6388 4471
6388 782
6388 1625
6388 12444
6388 9695
6388 7630
6388 1028
6388 3226
6388 12177
6388 45
12748 10344
953 11879
953 11957
953 4369
170 460
170 12811
12798 531
792 10095
792 1752
792 7947
10095 10824
10095 7584
10095 5670
10095 13483
10095 2331
12236 637
637 1032
637 121
637 3360
637 10022
637 10871
9105 8952
9105 3360
13102 4470
13102 10756
13102 2957
13102 1232
13102 12004
2422 1441
2336 5921
2336 437
2336 7605
2336 14079
2336 5832
2336 4149
5668 5194
5668 7017
5194 7017
5194 4933
5194 693
5194 8425
5194 12526
5194 8912
5194 11594
5194 632
5194 13486
1687 10780
1687 5763
1687 7446
8692 11176
8692 9265
8692 9235
8692 9213
8692 10756
8692 6127
8692 3561
8692 5812
8692 12885
8692 10262
8692 2560
8692 8764
8692 8550
8692 11125
8692 1606
8692 5439
11176 9235
11176 9213
11176 6127
1928 8759
5221 11396
5221 9295
11396 9295
5477 289
5477 13381
5477 11685
5477 4214
5477 4258
5477 3971
4217 13663
4217 10651
4217 8487
4217 7170
13663 10651
13663 8487
13663 7170
8210 1991
8210 5921
8210 10083
8210 3173
8210 10447
8210 7874
1991 5921
5921 7605
5921 9001
5921 5265
5921 13395
5921 14079
5921 4149
5921 1489
66 5475
66 11604
66 2954
5475 11604
11604 2954
11620 7631
11620 5991
11620 6146
11620 6354
7631 5991
7631 4452
7631 6146
7631 11800
7631 13095
7631 4043
7631 6354
7631 4973
7631 5377
7631 6671
5991 12496
5991 4142
5991 9379
5991 5198
5991 6146
5991 11800
5991 13095
5991 4043
12496 9379
12496 5198
6832 10023
6832 7756
6832 10014
6101 5035
6101 6164
5035 6164
2143 4037
2143 9956
11563 12649
11563 1628
11563 1478
11563 13878
12649 1628
12649 1478
12649 13878
1628 1478
1628 13878
1478 13878
1478 11751
1478 4933
1478 4846
1478 8569
1478 3423
1478 2899
10470 12498
10470 8185
10470 9494
5614 11476
5614 5415
5614 3144
5614 10965
3134 11757
3134 7467
3134 731
11757 7467
11757 731
8705 4442
4442 10188
11975 13252
11975 846
11975 230
12867 10756
12867 7311
12867 12835
12867 5978
12867 12004
12867 13441
985 6362
1875 2998
1907 11196
12657 3283
12657 5555
12657 6578
3283 5555
3283 6578
3283 4153
3283 10506
5555 6578
5555 4153
5555 10506
6578 4153
6578 10506
6121 9109
6121 12310
6121 1523
6121 12356
6121 1495
6121 10572
6121 7262
2464 11154
2464 107
2464 5276
5901 1539
5901 9391
5901 14295
1539 9391
1539 14295
1407 8680
1407 1793
1407 2273
1407 5440
9120 10892
9120 4195
10892 4195
4940 9000
4940 10194
4940 10791
4940 1617
4940 4083
1800 8672
4711 9685
4711 2233
9685 2233
3227 2046
3227 11170
3227 1364
6302 12615
6302 11246
11697 13712
11697 7971
11697 11454
11697 13336
1711 10430
1711 5116
1711 2111
10284 14418
12576 13728
12576 13789
12576 2883
12576 7721
526 4527
526 5168
526 452
526 12060
526 12671
526 1561
526 7908
526 5981
526 9498
7290 4381
7290 5241
12144 9478
12144 11131
12144 9028
9478 11131
9478 9028
9478 12457
9478 3967
9478 8545
9478 3202
9478 3988
9478 11584
9478 6584
11131 9028
9028 12457
9028 3967
9028 8545
9028 6584
2894 8497
2894 9439
2894 8983
8497 9439
8497 8983
8497 14030
8497 11709
9439 8983
3349 2249
8151 5190
8151 4914
5190 4914
5190 60
5190 1124
5190 58
5190 11619
5190 8671
4914 1124
11721 9279
11721 1783
11721 8099
9279 1783
9279 8099
9279 14199
1783 8099
1783 14199
8099 6403
8099 5177
8099 614
8099 7397
8099 838
8099 7122
8099 6233
8099 14199
2956 2132
11862 6366
11862 14370
11862 10271
11862 1405
11862 1839
11862 5810
725 11637
10536 6370
11310 11552
9265 9235
9265 6056
9265 3561
9265 1651
9265 2560
9265 8764
9675 4745
4745 10144
4745 9713
2630 13571
2630 5837
2630 11690
2630 1778
2630 3457
2630 13244
13571 5837
13571 11690
13571 1778
13571 3457
13571 13244
5837 11690
5837 1778
5837 3457
5837 13244
1406 6138
7454 12679
7454 235
7454 13884
6953 10772
6953 5650
13065 4747
3928 8594
3928 3563
3928 1615
3928 11898
3928 1111
6797 9610
6797 12290
6797 13199
9610 12290
9610 13199
12290 13199
13199 6713
13199 9239
13199 9599
13199 13337
13199 4139
13199 1837
13199 9424
13199 10877
13199 2619
13199 9888
13199 3731
13199 8876
13199 13833
13199 13414
13199 2494
13199 9953
13199 8398
13199 2340
13199 32
13199 12666
13199 6265
13199 10850
13199 14059
13199 1726
13199 12422
3508 2393
529 10658
12615 6297
12615 14367
12615 1904
10798 2847
10798 3477
10798 2517
8710 9643
8710 12070
8710 5424
8710 10373
8710 8868
779 5456
779 2624
779 10158
779 4975
779 3270
779 10079
779 12679
779 4471
779 782
779 1625
779 12444
779 9695
779 7630
779 1028
779 11421
779 1064
779 11638
779 3146
779 2004
5456 2624
5456 9695
5456 1028
5456 3226
5456 12177
9281 8990
9281 6545
9281 9384
9281 5404
9281 4468
2935 3043
2935 6910
2935 4321
4988 14220
4988 13814
11525 10018
8400 12047
8400 1524
8400 12789
8400 3485
8400 13351
12047 1524
12047 2880
12047 79
12047 410
1524 2880
1524 8990
1524 6545
1524 12789
1524 3485
1524 13351
1524 4752
1524 79
1524 410
2880 7314
5984 12594
10780 5763
10780 7446
9757 10040
9757 10743
2105 9704
2950 8078
2950 11237
8078 11237
8078 4767
11237 4767
11237 4212
11237 3554
11237 8912
11237 5732
11237 8984
11237 10020
11237 12924
11237 12413
11237 17
11237 11785
11237 11365
7502 3833
8302 8199
8302 5485
10953 13736
10953 10122
10953 2973
8964 12537
2562 11694
2562 13850
2562 9967
1316 403
403 2554
403 1675
403 2983
4527 12671
4527 5981
4527 4840
4527 9498
13521 11948
13521 5945
13521 12034
13521 11137
4378 11551
9085 8435
9085 12164
8435 12164
6338 4305
9109 12310
9109 1523
9109 12356
9109 1495
9109 10572
9109 7262
12310 1523
12310 12356
12310 1495
12310 10572
12310 7262
1523 12356
1523 1495
1523 10572
1523 7262
12356 1495
12356 10572
12356 7262
1495 10572
1495 7262
10572 7262
7838 10879
7838 1157
7838 10638
7838 12654
5207 11542
5207 9151
5207 7648
5207 10879
5207 11787
5207 3628
11542 9151
11542 7648
11542 10879
9151 7648
9151 10879
7648 10879
7648 11787
7648 3628
7648 5302
10879 7124
10879 1157
10879 10638
10879 12654
10879 2556
10879 8186
10879 14251
1863 3602
1863 2321
1863 8184
1863 4656
1863 10533
3602 4656
3602 10533
2001 4738
2001 2056
2001 8504
11606 7124
7124 8186
7124 14251
7810 10649
1060 5633
5213 9506
5213 3107
2170 6889
2170 5928
2170 13452
6609 7539
10158 4975
10158 3270
10158 10079
4975 3270
4975 10079
3270 10079
3270 4471
3270 782
3270 1625
9102 13148
9102 8345
9102 5534
9102 1941
9102 484
9102 5899
13148 8345
13148 2532
13148 4452
8345 2532
8345 4452
2647 9235
2647 9213
9235 9213
9235 10756
9235 6127
9235 8778
9235 3561
9235 5812
9235 1651
9235 12885
9235 10262
9235 668
9235 2560
9235 8764
9235 8550
9235 11125
9235 1606
9213 10756
9213 6127
9213 5812
3983 9319
3983 11160
3983 10499
3983 12012
14396 6056
1040 4739
1040 12931
1040 10894
8983 14030
8983 11709
14030 11709
9849 9906
9849 10374
9849 11335
11134 2056
11134 13997
11134 10091
8397 3277
8397 3920
10651 8487
10651 7170
12468 5849
12468 10458
12468 12974
5364 8253
5364 7929
5364 9694
12398 3209
12398 2501
12398 5966
3209 2501
3209 5966
3209 13352
3209 13636
3209 11852
3209 12201
12412 10155
12412 3001
12412 5753
10155 3001
10155 5753
437 4218
437 2177
437 719
437 5832
437 12030
437 6555
437 994
4218 2177
4218 13929
4218 4446
4218 10841
10423 5044
10423 12129
10423 8158
10423 8090
5044 12129
5044 8158
5044 8090
12129 8158
8706 5883
8706 11083
8706 2468
8706 7869
8706 8985
10917 12952
12308 11764
12308 9697
12308 3376
12308 1104
12308 2299
12308 35
12308 6387
12308 6467
13210 5410
13210 2767
13210 2172
13022 6328
13022 8799
13022 3421
13022 11034
13022 6436
4364 913
583 3112
583 11941
583 1152
583 3451
583 4653
9889 685
11686 2341
11686 14020
11686 450
1815 2341
1815 7101
1815 9523
1815 5560
1815 7453
1815 659
1815 11390
1815 12017
1815 1651
1815 1924
1815 12071
1815 8364
2341 14020
2341 11714
2341 7101
2341 9523
2341 13872
2341 450
2341 5560
2341 7453
2341 659
2341 11390
2341 12017
2341 1651
2341 1924
2341 12071
2341 8364
2341 4881
6583 11694
11694 11141
11694 13850
11694 383
11694 7757
11694 4214
11694 6410
11694 1714
11694 2320
11694 8971
11694 9967
11694 3189
11694 6339
7559 2753
10329 10855
8990 4470
8990 4815
8990 6386
8990 1057
8990 2957
8990 1987
8990 6545
8990 12152
8990 9053
8990 9384
8990 5404
8990 4752
8990 7586
8990 14268
8990 5371
8990 13665
8990 9852
4470 4815
4470 10756
4470 1057
4470 2957
4470 1987
4470 12271
4470 12728
4470 1232
4470 12004
4815 1057
4815 2957
4815 1987
2706 2245
2706 1900
5137 3423
5137 12616
5137 7191
5137 3350
5137 6899
7705 1428
7705 10493
7705 4172
7239 12190
12326 3258
12269 7368
12269 13343
12269 9694
10929 10164
10164 12862
10164 2840
10164 12856
12521 2328
12521 2653
12521 4149
6315 5474
6315 12287
6315 9277
6315 1807
5474 12287
5474 9277
5474 1807
12287 9277
12287 1807
9277 1807
6020 7321
6020 9155
7321 9155
7605 12475
7605 9001
8905 854
8905 14106
8905 9082
8905 6009
854 14106
854 9082
854 6009
854 8584
854 6511
854 7437
854 7736
854 3290
14106 9082
14106 6009
9082 6009
10756 2957
10756 5812
10756 10262
10756 14305
10756 8550
10756 11125
10756 1606
10756 8689
10756 12835
10756 9975
10756 1232
10756 11500
10756 12004
10756 13441
3609 8925
3484 11141
11141 6904
5763 7446
7335 11015
7251 14480
1032 10022
1032 10871
1885 3198
1885 1426
1885 1039
1885 8732
1885 9406
1885 7364
1076 5413
14144 3940
14144 11501
14144 11819
8512 9690
8512 2
8512 7820
8512 946
8512 3975
8512 661
8512 757
8512 3905
8512 9293
8512 2548
10364 2404
10364 2837
10364 10941
10364 1838
2404 2837
2404 10941
2404 1838
2837 10941
2837 1838
10941 1838
5042 3258
5042 8952
5042 2275
5042 3097
5042 5724
13049 11140
1856 3217
10674 2125
10674 4353
2125 4353
734 3967
734 13659
3967 8545
3967 7664
3967 13659
3967 7980
13549 162
13549 7199
9319 11160
9319 10499
11160 10499
11160 12012
6713 8876
9239 10877
9239 2340
9441 12873
3594 3428
3594 13648
3594 9148
3594 10707
13482 10468
13482 2617
10468 2617
1356 8022
1356 12823
1356 10617
1356 13029
8022 12823
8022 10617
8022 13029
12823 10617
12823 13029
10617 13029
13029 13107
2022 8382
9202 516
9574 1922
9574 1314
289 8039
289 4214
289 6676
289 8351
289 1676
10636 2335
10636 5186
10636 12660
10636 10566
10636 9991
2335 5186
2456 3689
10269 3236
12256 4416
12256 3443
12256 4459
12256 9223
12256 5786
12256 14487
12256 9521
12256 11195
12256 4626
4416 3443
4416 4459
4416 9223
4416 5786
4416 14487
4416 9521
4416 11195
4416 4626
3443 4459
3443 9223
4459 9223
4459 5786
4459 14487
4459 9521
4459 11195
4459 4626
9223 5786
9223 14487
9223 9521
9223 11195
9223 4626
1657 5254
5674 7590
5674 3177
5674 13579
3563 1615
3563 11898
6386 6767
6386 1152
6386 754
6386 14194
8184 6922
8184 4656
8680 1793
8680 2273
8680 5440
11879 11957
11879 4369
8563 12179
8563 2655
12179 2655
13875 5538
12608 11286
4001 8097
4001 2075
4001 8356
121 7204
121 3360
4080 7597
8474 2599
8474 14009
2599 14009
2599 14304
1956 1587
12498 8185
12498 9494
8185 9494
11485 3839
11485 6041
11485 1599
3839 6041
3839 1599
6041 1599
4987 13100
4987 219
13100 219
219 11534
5326 14165
5326 2506
5326 7281
4153 10506
11271 7850
6925 6653
6925 5422
6653 5422
5168 452
452 12060
452 12671
5521 2561
5521 2047
3605 6149
12137 7176
12137 5951
12137 4552
12137 7241
12137 1589
12137 1354
7176 5951
7176 4552
7176 7241
7176 1354
5951 4552
5951 7241
5951 1589
10295 8635
11690 1778
11690 3457
11690 13244
9001 14079
9001 10172
9001 6891
13629 5280
13629 11855
12093 5563
104 956
104 14165
11561 4829
11561 13224
11561 10787
4829 13224
4829 10787
13224 10787
12440 4054
8005 5931
8005 4679
5931 4679
9095 6756
9095 12865
6756 12865
10596 9164
11840 13403
11840 6539
11840 7101
13403 6539
13403 7101
6539 7101
7101 12017
7101 1924
7101 4881
3236 8640
3236 935
4277 6482
12605 3593
12605 132
12605 10848
3593 2306
12369 9569
1057 2957
1057 1987
1057 12271
1057 12728
2957 1987
2957 12271
2957 12728
2957 1232
2957 12004
1987 13379
6545 12152
6545 9053
6545 9384
6545 5404
6545 4752
6545 4269
6545 7586
6545 1036
6545 2146
6545 14268
6545 3252
6545 9852
12152 9053
5350 7524
7673 13075
7673 11859
11764 4391
11764 9697
11764 3376
11764 1104
11764 2299
11764 35
11764 6387
11764 9893
11764 10134
11764 5018
11764 10415
11764 6378
11764 9302
3735 3818
4037 12154
9892 9066
9892 12437
9066 12437
4739 12931
297 171
297 5197
297 2890
297 2542
297 11127
297 3253
297 4723
297 7880
297 4756
297 3435
297 8915
1715 3109
1715 956
663 7521
7521 2029
3258 3097
14258 5353
6403 5177
6403 838
6403 7122
6403 6233
5177 838
5177 7122
5177 6233
5341 3436
4516 12581
5964 959
5964 14108
5964 271
10535 1675
10535 10931
10535 2511
10535 9380
10535 4346
9523 13872
9523 5560
9523 7453
9523 12017
9523 1924
13872 1924
3773 4691
12660 1755
12660 9991
4212 5732
5718 11452
5718 729
5718 10477
5718 13046
5718 9080
5718 11928
11452 729
11452 10477
11452 13046
11452 9080
11452 11928
729 10477
729 13046
729 9080
729 11928
10477 13046
10477 9080
10477 11928
13046 9080
13046 11928
9080 11928
9037 2054
9037 6480
9037 11736
9037 5745
2054 6480
2054 11736
2054 5745
6480 11736
6480 5745
11736 5745
11736 12518
11736 10546
5745 12518
5745 10546
5745 7854
10852 12264
9379 5198
8290 12495
8290 1330
8290 13694
8290 7381
8290 12793
801 7308
7308 4779
7308 13099
11632 11818
11632 10761
11818 10761
10761 7835
10761 2462
10761 8887
10761 11961
10761 10757
5912 3994
5912 2825
5912 9534
5912 2938
5912 1245
8708 4741
8708 1023
8708 5095
4741 1023
4741 5095
1023 5095
13352 13636
13352 11852
13352 12201
13636 11852
13636 12201
11852 12201
11173 5344
2245 13314
2245 1900
12625 282
13928 8799
8799 3421
8799 11034
8799 6436
7059 13977
7059 13939
7059 14347
7059 10886
13977 13939
13977 14347
13977 10886
13939 14347
13939 10886
14347 10886
6362 2277
9845 5953
9845 10215
5953 10215
5382 2090
5382 902
2847 3477
2847 2517
3477 2517
1955 6909
1955 4954
1955 8704
1955 7285
6909 4954
6909 7285
6890 12679
6890 13225
8778 3463
8778 2762
8778 12154
8778 668
3463 10644
13231 5721
13231 7961
13231 4163
13231 9924
1870 11848
1870 6631
11848 6631
5524 4803
5524 2306
5524 14165
9104 7757
12058 3920
12952 13714
13337 4139
13337 1837
13337 9424
4933 4682
4933 11594
4933 632
4933 2899
9997 628
628 6078
628 10524
628 4159
628 8797
4568 4616
7241 1589
7241 1354
8266 2516
8266 13086
531 2253
531 5622
531 5408
2253 5622
2253 5408
8487 7170
4746 5558
13526 1525
13513 4434
13513 1424
4434 1424
1837 9424
1837 2619
9424 2619
2770 4113
2770 4738
2770 12636
2770 11301
4113 4738
4113 12636
4113 11301
4738 12636
4738 11301
4738 2056
4738 8127
4738 13829
4738 11796
4738 11039
4738 7836
4738 4519
4738 2200
4738 8977
4738 7839
4738 14125
4738 6389
4738 4478
4738 5700
12636 11301
10998 1910
5246 8707
2056 13747
2056 13997
2056 10091
2056 5700
2056 1966
3981 2740
12789 3485
12789 13351
3485 13351
2686 3700
880 14088
880 13824
5693 3716
5693 4199
5693 11718
5693 9877
12009 13072
9396 11123
9396 2661
9396 12303
13850 9967
8520 13871
8520 12771
13871 12771
14019 10370
9988 14252
9384 4304
9384 5404
9384 5512
9384 1036
9384 2146
9690 2
9690 946
9690 3975
9690 661
2 7820
2 946
2 3975
2 661
2 757
2 3905
2 9293
2 2548
2 13887
2 11874
2 846
2 13772
2 10467
7820 946
946 3975
946 661
946 757
946 3905
946 9293
946 2548
946 11819
3975 661
757 3905
757 9293
3905 9293
3905 11819
693 3686
693 8425
693 12526
693 8912
3686 8840
3686 8511
8191 2545
8191 164
8191 12923
12671 5981
12671 9498
14433 7058
10190 9595
10190 9720
9122 2653
9122 3157
8952 3360
1254 14457
1254 13867
7399 13259
7399 7958
7399 14087
259 13691
259 8208
2532 4452
2532 5380
2532 12669
2532 10353
2532 9284
4452 4973
4391 9697
4391 9893
4391 10134
4391 5018
4391 10415
4391 6378
4391 9302
9697 3376
9697 9893
9697 6467
9697 10134
9697 5018
9697 10415
9697 6378
9697 9302
2093 2513
2093 5049
2513 5049
13941 7226
13941 3615
13941 7214
13941 14343
7226 3615
13728 13789
13728 2883
13728 7721
10719 235
979 13037
979 3707
12688 6340
12688 2884
12688 14230
12688 2193
12688 4274
12688 8479
6340 2884
11508 12158
11508 10271
13381 11685
13381 4258
1123 12392
1123 3588
1123 9851
1123 6008
12392 3588
12392 9851
12392 6008
5265 13395
2275 5724
7664 13659
7664 8577
7664 11887
7664 3757
2801 14207
12040 2871
12040 11645
12040 11488
12040 8071
13075 11859
11645 11488
10388 12299
10388 3954
10388 595
11238 96
4304 5512
7339 13325
12406 2578
12406 14061
12406 10314
12406 12203
2578 14061
2578 10314
2578 12203
14061 10314
10314 12203
3557 4026
3557 2713
3557 7845
3557 9375
4102 14464
4102 12872
14464 12872
10607 5621
10607 6146
5621 6146
7791 4008
11685 4258
11685 3971
1426 7089
7089 10187
7089 13313
4133 11772
4133 3079
2554 1675
1675 2511
9938 10371
765 7608
765 12464
1322 10315
1322 5308
1322 4871
1322 4415
1322 12161
1322 11282
1322 8961
1322 3430
10315 5308
10315 4871
10315 4415
5308 4871
5308 4415
5308 12161
5308 11282
5308 8961
5308 3430
5308 7040
5308 5896
4871 4415
4871 7040
4871 5896
4415 12161
4415 11282
4415 8961
4415 3430
4415 7040
4415 5896
8425 12526
8425 8912
12526 8912
8912 6086
8912 252
8912 5494
8912 5732
8912 11365
7608 12464
4682 3423
4682 3935
8640 935
60 8671
3421 11034
3421 6436
13887 846
13887 10467
5811 4500
7214 14343
12344 11037
12344 8039
3422 9398
3422 5565
3422 13983
3422 6922
3422 2657
3422 7319
3422 5830
3422 3458
3422 3722
3422 5726
3422 4539
3422 1306
3376 1104
3376 2299
3376 35
3376 6387
3376 6467
1104 2299
1104 35
1104 6387
2299 35
2299 6387
35 6387
7837 5312
700 11109
700 9501
700 5069
6777 9300
8959 2612
462 2060
12849 2762
12849 3259
12849 9511
2762 3259
3259 9511
14081 8722
7757 4214
9347 14165
9347 7281
14079 4149
12301 4306
12301 10032
4306 10032
12495 1330
12495 13694
12495 7381
12495 12793
12495 5744
12495 6837
1330 13694
1330 7381
1330 12793
1330 5744
1330 6837
13897 7178
13897 12443
13897 10528
13897 3188
10214 593
2516 13086
13789 2883
13789 7721
14220 1482
14057 7164
14057 7646
14057 13578
14057 3395
1039 8732
11037 8039
8039 4214
61 1852
61 10085
61 524
61 10974
12679 13225
12679 12444
12679 2004
7840 9520
7840 13734
7840 2300
9520 13734
9520 2300
13734 2300
1561 7908
5812 5439
6930 11608
11608 3043
11608 4321
11608 8276
11608 9678
11608 3410
689 4408
9557 3668
8567 1251
8567 3357
8567 2514
8567 12270
8567 12280
1251 3357
1251 2514
1251 12270
1251 12280
9906 10374
9906 11335
10374 11335
10772 5650
5560 7453
5560 12017
10066 5529
1727 784
12518 10546
14457 4665
14457 4116
14457 6
12271 12728
8577 11887
8577 3757
719 5832
719 12030
5832 12030
5832 994
8732 14182
8732 11831
8732 9412
8732 9692
8732 2147
14182 11831
5622 5408
5404 4269
5404 14268
3043 6910
3043 4321
3043 8276
3043 13869
3043 9678
3043 3410
3043 3619
3043 6459
6910 4321
4321 8276
4321 13869
4321 9678
4321 3410
4321 3619
4321 6459
7588 1278
6086 252
6086 5494
252 5494
11939 8879
8767 7359
7359 3141
7178 12443
7178 10528
7178 3188
12443 10528
12443 3188
10528 3188
4471 782
4471 1625
782 1625
13694 7381
13694 12793
13694 5744
13694 6837
7381 12793
7381 5744
7381 6837
10638 12654
5410 2767
5410 2172
5410 2649
5410 3957
10396 3428
10396 9090
10396 13523
7722 7530
7722 5391
7722 5480
7546 11698
14088 13824
4779 13099
13922 1178
8523 3622
8523 12232
4252 8324
4252 13625
4252 1632
8324 13625
8324 1632
13625 1632
14229 72
14229 11470
72 11470
13736 10122
6309 7116
6309 6842
6309 4335
4026 2713
4026 7845
4026 9375
4026 1219
9641 8260
9641 10645
8260 10645
384 13536
7475 10283
7475 4132
10283 4132
11800 13095
11800 4043
13095 4043
12946 5482
2024 4551
214 11277
214 11666
11277 11666
5798 3356
5798 5727
3356 5727
11140 14096
11140 5818
3716 4199
1428 10493
1428 4172
4732 2775
4732 11554
4732 1366
2775 11554
2775 1366
11539 11376
11539 1953
11376 1953
9893 10134
9893 5018
9893 10415
9893 6378
9893 9302
6410 1714
6410 2320
6410 8971
1714 2320
1714 8971
1714 5897
1714 7933
1714 5126
2320 8971
10493 4172
1852 10085
1852 524
1852 10974
6297 14367
6297 1904
14367 1904
1910 9640
1910 3239
5608 13408
5608 3385
7453 12017
7453 12071
7453 8364
1327 5472
659 11390
11390 1651
5786 14487
5786 9521
14487 9521
14487 11195
14487 4626
13259 7958
13259 3524
13259 3815
7958 3524
7958 3815
8127 14125
8127 6389
8127 4478
5980 2333
5980 12450
2333 12450
11874 13772
5721 7961
5721 4163
5721 9924
7961 4163
7961 9924
4163 9924
3159 12598
12598 4474
1793 2273
1793 5440
2273 5440
8199 8848
8199 3444
8848 3444
11094 13851
11094 11385
13851 11385
6199 6906
6199 4693
6199 4279
6199 13448
6906 4693
6906 4279
6906 13448
4693 4279
4693 13448
4279 13448
5573 6733
10677 10752
10677 10898
8271 14386
2119 11669
2119 2399
2119 10333
2119 6342
2119 9043
2119 1190
2503 12299
2503 14273
12299 14273
12299 3954
12299 595
13252 846
13252 230
5732 11365
8509 9451
5768 1954
8984 10020
8984 12924
10020 12924
1672 8153
8153 3632
5823 12632
5823 11392
5823 10363
5823 11579
5823 4939
7160 4820
9398 5565
9398 13983
9398 6922
9398 2657
9398 7319
9398 5830
9398 3458
9398 3722
9398 5726
9398 4539
9398 1306
12862 2840
12862 12856
3173 10447
3173 7874
10447 7874
7646 13578
7646 3395
13578 3395
5981 9498
3428 8689
3428 7903
3428 13315
3428 9090
3428 13523
3428 5531
3428 919
3428 3230
13418 5046
13418 10463
5046 10463
6366 14370
10524 852
10524 11475
10524 4159
852 11475
3580 4201
3580 308
3580 350
3580 5897
1124 58
1124 11619
11894 8138
11894 4751
11894 10736
11894 3011
11894 9854
8138 4751
8138 10736
8138 3011
8138 9854
4751 10736
4751 3011
4751 9854
10736 3011
10736 9854
3011 9854
6942 10914
6942 2298
6942 10110
1564 1487
9149 2205
9149 13925
2205 13925
13691 8208
1924 4881
4752 3252
4752 9852
695 10995
695 1776
695 12434
695 11557
695 4233
10995 1776
10995 12434
1776 12434
1776 11557
1776 4233
12554 8289
12524 9330
8584 6511
5342 7979
1778 3457
1778 13244
4201 308
4201 350
4201 5897
308 350
308 5897
350 5897
7953 13032
5680 4104
11887 3757
2387 7586
7586 9852
2561 2047
10824 7584
10824 5670
7584 5670
5670 13066
5670 10961
10262 14305
10262 8550
10262 11125
10262 1606
10217 7990
5688 1222
5688 2482
5688 4300
5688 9387
1222 2482
1222 4300
1222 9387
4456 2768
2713 7845
2713 9375
2713 1219
7845 9375
7845 1219
5744 6837
7009 2038
7009 10931
7009 903
7009 6960
2038 10931
2038 903
2038 6960
10931 903
10931 6960
10931 9380
10931 4346
903 6960
5525 11722
11722 1768
13829 11796
5005 846
5005 230
58 11619
13117 8024
846 230
846 10467
2006 11656
2006 5865
2399 10333
2399 6342
2399 9043
2399 1190
10333 6342
10333 9043
10333 1190
6342 9043
6342 1190
9043 1190
12070 8247
12070 5424
12070 10373
12070 8868
13712 7971
13712 11454
13712 13336
13392 8160
13392 4100
13392 12023
13392 8975
7069 14017
11960 13985
10267 11810
10267 2844
11810 2844
14329 7117
9595 9720
11980 7019
11980 3783
11980 3904
7019 3783
7019 3904
3783 3904
13563 6027
13563 14297
6027 14297
11963 13760
3457 13244
9536 290
3652 10256
3652 1736
10256 1736
3255 3684
13408 3385
12413 17
9959 3403
9959 11239
9959 9350
1036 2146
12161 11282
8097 2075
8097 8356
2075 8356
2439 427
2439 14141
2439 13341
2428 1370
2428 12502
1370 12502
1370 7354
1370 9869
14014 2087
14014 13792
14014 12185
14014 6649
14014 4186
2087 13792
2087 12185
2087 6649
2087 4186
13792 12185
13792 6649
13792 4186
12185 6649
12185 4186
6649 4186
11034 6436
4502 4414
1139 3589
11195 4626
5565 13983
5565 6922
5565 2657
5565 7319
5565 5830
5565 3458
5565 3722
5565 5726
5565 4539
5565 1306
13983 6922
13983 2657
13983 7319
13983 5830
13983 3458
13983 3722
13983 5726
13983 4539
13983 1306
13483 2331
11783 4793
3189 6339
10430 5116
10430 2111
5116 2111
5283 12225
6267 4953
5360 10002
5360 1713
5360 14428
5360 833
5360 2711
5360 14332
5360 10247
10002 1713
10002 14428
10002 833
10002 2711
10002 14332
10002 10247
1713 14428
1713 833
1713 2711
1713 14332
1713 10247
14428 833
14428 2711
14428 14332
14428 10247
833 2711
833 14332
833 10247
2711 14332
2711 10247
14332 10247
5463 4487
5463 10413
5463 13631
5463 8941
5463 12906
4487 10413
4487 13631
4487 8941
4487 12906
10413 13631
10413 8941
10413 12906
13631 8941
13631 12906
8941 12906
6922 2657
6922 7319
6922 5830
6922 3458
6922 3722
6922 5726
6922 4539
6922 1306
7195 3213
4432 9881
4432 12013
4432 3631
4432 5450
3524 3815
2511 6422
10085 524
10085 10974
524 10974
9375 1219
1314 13179
10656 9469
10656 8867
10656 5644
9469 8867
9469 5644
8867 5644
2328 2653
2328 4149
2653 4149
2653 3157
3765 11152
3765 5717
3765 10398
3765 3129
3765 11004
3765 11830
3765 1377
3765 11380
3765 5395
11152 5717
11152 13790
11152 13122
11152 10398
11152 3129
11152 11004
11152 11830
5717 13790
5717 13122
5717 10398
5717 3129
5717 11004
5717 11830
13790 13122
13790 10398
5424 10373
13066 10961
10134 5018
10134 10415
10134 6378
10134 9302
7116 6842
7116 4335
6842 4335
3632 7433
3632 11136
7433 11136
13769 1443
13769 1432
1443 1432
6507 6004
6507 12436
6507 11101
6507 1514
6507 13288
6507 11556
6507 6249
6004 12436
6004 11101
6004 1514
6004 13288
6004 11556
6004 6249
12436 11101
12436 1514
12436 13288
12436 11556
12436 6249
11101 1514
11101 13288
11101 11556
11101 6249
1514 13288
1514 11556
1514 6249
13288 11556
13288 6249
11556 6249
2996 10865
2996 10472
2996 1289
2996 8895
2996 9530
14078 11338
9380 4346
11557 4233
7715 10699
13929 4446
13929 10841
4446 10841
5018 10415
5018 6378
5018 9302
6676 8351
8351 1676
3954 595
5754 3579
4543 11264
2560 8764
1794 11730
1794 421
11730 421
3588 9851
3588 6008
9851 6008
8550 11125
8550 1606
11125 1606
8961 3430
79 410
1944 839
1944 6743
1944 8861
839 6743
839 8861
6743 8861
14346 12864
14346 5902
14346 9423
14346 7890
14346 12027
14346 749
14346 8387
14346 8171
12864 5902
12864 9423
12864 7890
12864 12027
12864 749
12864 8387
12864 8171
5902 9423
5902 7890
5902 12027
5902 749
5902 8387
5902 8171
9423 7890
9423 12027
9423 749
9423 8387
9423 8171
7890 12027
7890 749
7890 8387
7890 8171
12027 749
12027 8387
12027 8171
749 8387
749 8171
8387 8171
171 3056
171 10025
171 5197
171 2890
171 2542
171 11127
171 3253
171 4723
171 7880
171 4756
171 3435
171 8915
3056 10025
3056 5197
3056 2890
10025 5197
10025 2890
5197 2890
5197 2542
5197 11127
5197 3253
5197 4723
5197 7880
5197 4756
5197 3435
5197 8915
2890 2542
2890 11127
2890 3253
2890 4723
2890 7880
2890 4756
2890 3435
2890 8915
10187 13313
5124 9613
7354 9869
2657 7319
2657 5830
2657 3458
2657 3722
2657 5726
2657 4539
2657 1306
7319 5830
7319 3458
7319 3722
7319 5726
7319 4539
7319 1306
5830 3458
5830 3722
5830 5726
5830 4539
5830 1306
3458 3722
3458 5726
3458 4539
3458 1306
3722 5726
3722 4539
3722 1306
5726 4539
5726 1306
4539 1306
10415 6378
10415 9302
6378 9302
7971 11454
7971 13336
12918 8365
2869 3362
2869 4000
2869 9345
3362 4000
3362 9345
4000 9345
13122 10398
10398 3129
10398 11004
10398 11830
7691 4376
427 14141
427 13341
8950 13859
3129 11004
3129 11830
11004 11830
8553 8225
8553 156
9506 3107
703 1720
9367 2781
2781 12041
5839 3271
5839 8344
5839 10245
3271 8344
3271 10245
3271 3567
8344 10245
2542 11127
2542 3253
2542 4723
2542 7880
2542 4756
2542 3435
2542 8915
11127 3253
11127 4723
11127 7880
11127 4756
11127 3435
11127 8915
3253 4723
3253 7880
3253 4756
3253 3435
3253 8915
4723 7880
4723 4756
4723 3435
4723 8915
7880 4756
7880 3435
7880 8915
4756 3435
4756 8915
3435 8915
8915 6714
8915 7305
3321 5936
3321 10529
3321 9857
5936 10529
5936 9857
10529 9857
4123 5541
4123 11639
5541 11639
7570 1961
7570 8543
7570 12073
7570 7883
7570 694
11454 13336
1006 7941
1006 14319
1006 9376
1006 6559
4129 14237
13000 10181
9515 7792
9515 6805
9515 5605
3357 2514
3357 12270
3357 12280
2514 12270
2514 12280
12270 12280
4144 4941
9050 8689
9050 2140
8689 2140
8689 2679
8689 12425
8689 9975
8689 7903
8689 13315
8689 10056
8689 7389
8689 3405
8689 3657
2140 9975
2140 13124
2140 10056
2140 6195
263 1653
3407 7311
7311 5978
7311 9340
1720 6477
12835 13124
12835 12004
12835 13441
4116 6
10805 8046
10805 6767
8046 6767
6767 754
10040 10743
4541 5069
956 5905
956 7634
956 14165
956 4299
956 4127
5905 7634
11787 3628
13782 6714
13782 9754
6714 9754
6714 7305
3893 4535
3893 10345
4535 10345
12939 12418
4656 10533
7738 1317
7738 10006
1317 10006
10006 5738
10006 586
7835 2462
2462 8887
13062 8991
13062 9909
13062 7060
506 6087
506 11668
506 13737
6087 11668
6087 13737
11668 13737
2556 55
3696 5628
3696 10523
3696 2364
3696 2518
3696 7647
5628 10523
5628 2364
5628 2518
5628 7647
10523 2364
10523 2518
10523 7647
2364 2518
2364 7647
2518 7647
10513 3940
10513 1541
10513 6197
3940 11501
3940 2948
3940 1541
3940 6197
3940 11819
3940 12913
13997 10091
12227 4707
12227 13680
12227 3645
4707 13680
4707 14471
13680 12199
13680 5131
13680 3645
3504 4093
3504 4680
3504 1393
3504 8810
4093 4680
4093 1393
4093 8810
10324 710
10324 8437
710 8437
710 2759
710 6373
8437 7527
8437 6373
11501 11819
1961 8543
1961 12073
1961 7883
1961 694
1961 12547
8543 12073
8543 7883
8543 694
12073 7883
12073 694
7883 694
5327 13622
5327 8091
13622 8091
7040 5896
7417 9881
7417 12938
9881 3631
9881 5450
11886 517
11886 12043
5380 12669
5380 10353
5380 391
5380 13919
12669 10353
12158 10271
10271 1405
10271 1839
2480 7301
13343 9694
4803 2306
4803 14165
3112 11941
12425 9975
12425 10919
2767 2172
10616 9563
10194 10791
10791 1617
10791 4083
1081 6941
6947 4385
4680 1393
4680 10618
8929 9707
2525 12472
2525 9554
12472 9554
7939 8693
5263 4954
4954 7285
687 32
2306 14165
2306 2203
11039 7836
11039 4519
7836 4519
1541 6197
10289 7209
9975 13124
9975 11500
2200 8977
1152 14194
8946 12515
9406 7364
10229 11044
10229 7205
11044 7205
838 7122
838 6233
838 4310
7122 6233
7122 4310
6233 4310
9888 32
9888 10850
9888 14059
7437 7736
8411 13617
8411 14094
11076 8441
11076 7456
254 4843
254 1531
4843 1531
13037 3707
3451 4653
5387 6363
5387 549
5387 3578
6363 549
6363 3578
549 3578
3413 9638
3413 2739
9638 2739
9638 7632
9638 2289
9638 733
13889 678
2472 9947
9947 385
9947 12910
5794 476
7575 1114
7575 9094
7575 1369
7575 10252
7575 13645
7575 193
1114 9094
1114 1369
1114 10252
9094 1369
9094 10252
9094 13645
9094 193
1369 10252
11516 3090
5929 9428
10023 7756
7756 10014
7903 13315
13315 13379
13315 7389
1405 1839
1459 7189
3019 10427
13609 13817
12444 2004
12537 497
12537 727
9632 9626
9632 13839
9632 9642
9632 5483
9626 13839
9626 9642
9626 5483
13839 9642
13839 5483
9642 5483
1232 12004
8160 4100
8160 12023
8160 8975
4100 12023
4100 8975
12023 8975
13833 12666
13833 6265
340 12120
4050 8392
4050 7695
8392 7695
5211 4637
5211 4506
11948 5945
11948 12034
5945 12034
12034 2510
14165 395
14165 4601
14165 2506
14165 2203
14165 7281
7265 14212
7265 10209
7265 3831
14212 10209
14212 3831
10209 3831
385 12910
11518 4866
11445 8029
11445 12247
11445 6963
8029 12247
13740 14002
13740 13912
13740 2697
13740 7448
14002 13912
14002 2697
14002 7448
13912 2697
13912 7448
2697 7448
3617 6869
1377 11380
1377 5395
11380 5395
12696 1336
5897 7933
5897 5126
959 14108
959 271
13414 2494
13414 9953
2494 9953
9953 8398
3842 1506
3622 12232
2338 7941
2338 7141
2338 9183
7941 7141
7941 9183
7141 9183
12248 14314
12248 4176
12248 4167
12248 11853
14314 4176
14314 4167
14314 11853
4176 4167
4176 11853
4167 11853
11123 2661
11123 12303
2661 12303
1562 5109
1562 810
1562 1059
5109 810
5109 1059
810 1059
10022 10871
12057 10246
11154 107
11154 5276
107 5276
4637 4506
8186 14251
2302 13455
2836 2484
2836 4540
7090 6470
7090 6438
11957 4369
11109 9501
14319 9376
14319 6559
9376 6559
13391 3599
13391 664
13391 7555
3599 664
3599 7555
664 7555
3994 2825
3994 9534
3994 2938
3994 1245
2825 9534
2825 2938
2825 1245
9534 2938
9534 1245
2938 1245
10848 2831
4381 5241
11594 632
11594 13486
14125 6389
14125 4478
6389 4478
11793 5051
6050 94
6050 4345
6050 13235
94 4345
94 13235
4345 13235
395 4601
9786 5008
9786 1038
9786 993
5008 1038
5008 993
1038 993
12247 6963
12247 13438
7273 11977
7273 2261
11977 2261
2398 6136
2398 6769
6136 6769
6769 406
6769 1295
1878 5542
2007 12100
13645 193
13282 11737
11737 4475
10243 11365
10243 9342
11365 9342
8068 2774
12004 13441
2989 5457
2989 8786
5457 8786
1642 9668
1642 8878
9668 8878
4299 4127
4687 2270
10895 9196
14196 11079
3583 5736
9695 7630
9695 1028
7630 1028
1830 1578
3252 9852
4846 8569
4846 3423
4846 2899
8569 3423
8569 2899
3423 2899
3423 12616
3423 7191
3423 3350
3423 6899
7933 5126
3403 11239
3403 9350
11239 9350
12616 7191
12616 3350
12616 6899
176 9738
11421 1064
11421 11638
1064 11638
8225 156
235 13884
406 1295
3935 10281
9244 12160
9244 8503
12160 8503
7016 10982
7016 10033
7016 6112
10982 10033
10982 6112
10033 6112
11660 11926
13926 9884
13926 4850
13926 851
10858 13297
9713 54
3226 12177
10914 2298
10914 10110
179 8457
3001 5753
7086 5181
5181 3704
5181 2966
8253 7929
7929 9694
7191 3350
7191 6899
3350 6899
9090 13523
6963 13438
5377 6671
12666 6265
2898 12572
2898 12029
12572 12029
5371 13665
7759 2429
13648 9148
13648 10707
9148 10707
5280 11855
13617 14094
2857 5696
9884 4850
9884 851
4850 851
2821 4633
2821 588
2821 6411
4633 588
4633 6411
588 6411
11718 9877
1865 9474
8264 10465
8264 8835
8264 5918
8264 4091
10465 8835
10465 5918
10465 4091
8835 5918
8835 4091
5918 4091
11204 2447
5417 2440
5417 12459
2440 12459
8276 13869
8276 9678
8276 3410
8276 3619
8276 6459
13869 9678
13869 3410
13869 3619
13869 6459
9678 3410
9678 3619
9678 6459
3410 3619
3410 6459
3619 6459
7632 2289
7632 733
2289 733
5658 4019
5658 3672
4019 3672
2840 12856
2649 3957
14230 2193
14230 4274
14230 8479
2193 4274
2193 8479
4274 8479
11713 9660
9049 14337
10830 5706
2883 7721
2298 10110
10850 14059
325 1017
325 4228
325 12888
325 3910
1017 4228
1017 12888
1017 3910
4228 12888
4228 3910
12888 3910
12710 10994
8991 9909
8991 7060
9909 7060
4755 9413
13301 859
10138 5032
10138 11072
5032 11072
5032 12202
11072 12202
3631 5450
10492 10036
10492 4320
10036 4320
12678 1046
4152 5040
4152 9789
5040 2114
5040 5570
5738 586
9175 8853
2114 5570
2114 14395
2114 7080
2114 9789
5570 14395
2759 6373
14069 12656
1617 4083
14022 10429
7080 9789
391 13919
11961 10757
4624 8488
3820 5445
5531 919
3177 13579
4883 962
1726 12422
7792 6805
7792 5605
6805 5605
12921 6092
4115 4420
4115 1942
4420 1942
6148 6741
2090 902
2545 164
2545 12923
164 12923
3704 2966
7530 5391
7530 5480
10865 10472
10865 1289
10865 8895
10865 9530
10472 1289
10472 8895
10472 9530
1289 8895
1289 9530
8895 9530
5391 5480
5716 14190
5716 612
14190 612
9283 10675
9283 9276
10675 9276
14141 13341
8571 188
2046 11170
2046 1364
11170 1364
8770 3318
9412 9692
12632 11392
12632 10363
12632 11579
12632 4939
11392 10363
11392 11579
11392 4939
10363 11579
10363 4939
11579 4939
497 727
7585 2476
7585 10419
2476 10419
