1.00000000
0.97975709
0.97570850
0.93927126
0.93522267
0.92307692
0.91902834
0.91497976
0.90283401
0.89068826
0.88259109
0.87854251
0.86639676
0.84210526
0.81376518
0.80566802
0.77732794
0.77327935
0.76518219
0.76113360
0.74493927
0.74089069
0.73684211
0.72064777
0.71255061
0.68421053
0.67611336
0.67206478
0.66801619
0.63157895
0.62753036
0.62348178
0.61538462
0.61133603
0.60323887
0.59109312
0.48582996
0.47773279
0.40485830
0.38866397
0.22267206
0.08906883
0.06882591
0.04858300
0.04858300
0.04858300
0.04858300
0.04858300
0.04858300
0.04858300
0.04858300
0.02834008
0.02834008
0.02429150
0.02429150
0.01619433
0.01619433
0.01619433
0.01619433
0.01619433
0.01214575
0.01214575
0.01214575
0.01214575
0.00809717
0.00809717
0.00809717
0.00809717
0.00809717
0.00809717
0.00809717
0.00809717
0.00809717
0.00809717
0.00809717
0.00809717
0.00809717
0.00809717
0.00809717
0.00809717
0.00809717
0.00404858
0.00404858
0.00404858
0.00404858
0.00404858
0.00404858
0.00404858
0.00404858
0.00404858
0.00404858
0.00404858
0.00404858
0.00404858
0.00404858
0.00404858
0.00404858
0.00404858
0.00404858
0.00404858
0.00404858
0.00404858
0.00404858
0.00404858
0.00404858
0.00404858
0.00404858
0.00404858
0.00404858
0.00404858
0.00404858
0.00404858
0.00404858
0.00404858
0.00404858
0.00404858
0.00404858
0.00404858
0.00404858
0.00404858
0.00404858
0.00404858
0.00404858
0.00404858
0.00404858
0.00404858
0.00404858
0.00404858
0.00404858
0.00404858
0.00404858
0.00404858
0.00404858
0.00404858
0.00404858
0.00404858
0.00404858
0.00404858
0.00404858
0.00404858
0.00404858
0.00404858
0.00404858
0.00404858
0.00404858
0.00404858
0.00404858
0.00404858
0.00404858
0.00404858
0.00404858
0.00404858
0.00404858
0.00404858
0.00404858
0.00404858
0.00404858
0.00404858
0.00404858
0.00404858
0.00404858
0.00404858
0.00404858
0.00404858
0.00404858
0.00404858
0.00404858
0.00404858
0.00404858
0.00404858
0.00404858
0.00404858
0.00404858
0.00404858
0.00404858
0.00404858
0.00404858
0.00404858
0.00404858
0.00404858
0.00404858
0.00404858
0.00404858
0.00404858
0.00404858
0.00404858
0.00404858
0.00404858
0.00404858
0.00404858
0.00404858
0.00404858
0.00404858
0.00404858
0.00404858
0.00404858
0.00404858
0.00404858
0.00404858
0.00404858
0.00404858
0.00404858
0.00404858
0.00404858
0.00404858
0.00404858
0.00404858
0.00404858
0.00404858
0.00404858
0.00404858
0.00404858
0.00404858
0.00404858
0.00404858
0.00404858
0.00404858
0.00404858
0.00404858
0.00404858
0.00404858
0.00404858
0.00404858
0.00404858
0.00404858
0.00404858
0.00404858
0.00404858
0.00404858
0.00404858
0.00404858
0.00404858
0.00404858
0.00404858
0.00404858
0.00404858
0.00404858
0.00404858
0.00404858
0.00404858
0.00404858
0.00404858
0.00404858
0.00404858
0.00404858
0.00404858
0.00404858
0.00404858
0.00404858
0.00404858
0.00404858
0.00404858
0.00404858
0.00404858
0.00404858
0.00404858
0.00404858
0.00404858
0.00404858
0.00404858
0.00404858
0.00404858
0.00404858
0.00404858
0.00404858
0.00404858
0.00404858
0.00404858
0.00404858
0.00404858
0.00404858
0.00404858
0.00404858
0.00404858
0.00404858
0.00404858
0.00404858
0.00404858
0.00404858
