3738 5216
6598 6623
899 4020
6146 6589
5264 5000
511 2720
319 5414
2638 3062
6648 6690
3367 6698
2461 6816
221 3507
5784 5923
6610 6666
438 6683
3030 3617
6824 6825
5901 6576
319 1205
72 4941
4927 6610
3608 4394
6582 6738
3738 6666
630 4137
3060 2897
2523 5156
2250 5037
6590 6666
3437 6178
6128 6723
4445 6554
531 6606
4001 5037
3107 4690
2461 6030
4507 6786
5383 6620
3089 6604
1156 6598
380 6610
68 1156
3030 3062
1067 6707
5901 6975
6750 6637
6372 6567
5200 6573
3272 6666
49 6595
6623 6738
2124 2941
4484 6554
6178 6754
3842 4707
270 1813
49 284
2435 6583
92 6578
5037 6970
3403 6611
5901 6734
5259 6178
72 3260
3272 6610
3608 615
3021 4104
609 3030
5929 6676
4985 5784
2461 4169
4137 6178
6613 2635
4001 5945
2682 4941
4020 5261
1148 6449
6829 2366
917 2923
5175 6607
1348 1973
1036 5784
3087 1036
90 5334
1067 6491
6560 6765
6972 7017
6604 6693
5477 6176
2402 3058
3364 3639
2941 6570
4173 6178
4920 6619
3777 6117
1156 4664
270 3704
842 6632
4880 4616
4067 5922
3279 5008
6652 6925
6577 6795
3752 6084
319 6589
19 6424
48 3346
609 5729
4484 4464
3927 6637
511 2385
55 6679
4603 4603
6268 6610
98 6927
6756 6758
2161 4186
5359 6569
6615 3704
3989 6662
6568 7017
5729 6623
3734 2366
1348 4001
4737 5027
67 3107
4394 6259
1892 6569
1205 2523
5901 6750
4086 1960
3738 1464
5929 6627
72 6964
6595 6623
686 1459
4067 6449
3927 6781
68 6623
6140 6140
990 6806
1483 6606
370 1200
5366 5901
1423 6815
6449 6610
5259 6580
5037 6657
3109 6767
6424 6724
6178 6580
72 7017
6666 6781
6424 6604
1156 2366
4445 6570
1957 3403
6029 6638
55 4001
38 674
6574 6583
2168 2168
3738 7054
3617 5673
990 6578
514 2124
51 6563
4394 5601
364 4445
3738 6662
49 6636
1685 5259
72 6604
1157 5264
3901 6686
2366 6789
6568 6664
3636 3704
6178 6752
2366 6790
6063 6613
3738 1895
2401 5037
5229 4445
1205 6178
1067 5702
3172 3803
7463 3054
2438 2461
6449 6668
519 6563
3738 6449
4161 6070
3738 5200
5533 6449
3738 8130
58 270
5901 6652
4086 5792
2836 6560
1794 6925
6670 2579
6604 6972
19 2440
1350 2250
1067 4897
6508 6812
6178 6975
90 92
6976 3418
3030 4793
2461 5156
1794 6636
665 5601
1973 4760
4001 5702
2161 6982
5623 6640
6556 6571
1960 6610
5156 6777
3738 6575
3172 5031
1403 6750
6606 6757
5455 5977
5229 6555
6757 6784
6574 6595
3079 5455
2745 3613
164 3648
541 3734
1156 6604
1156 2263
6666 2579
1892 6731
245 630
6821 7017
7020 4507
6604 6623
886 4153
942 1205
5229 5031
6560 7147
3425 5037
840 5037
204 3294
2366 4137
6590 6738
284 3651
2822 4161
58 917
3752 3725
3738 5533
2161 6449
364 6570
4664 5784
5156 6779
6604 511
6585 6811
3738 67
6449 6582
2366 6589
3260 6574
473 5027
6604 6667
5037 6590
6671 6672
4731 6672
1794 6574
4827 6583
4952 5673
1205 7031
6610 6789
380 4001
3177 6580
2461 2523
3413 5901
4333 5261
6569 6709
4505 5081
55 6590
90 6579
5037 6584
1957 3021
2579 4444
49 6424
3328 6449
2366 6449
1957 3704
3019 3859
6178 6579
3738 6637
410 6449
4086 6610
5929 6560
5703 6574
4265 6619
1685 2822
1748 6582
3424 3738
3062 5016
2366 4379
3738 6683
3009 2408
72 319
1156 6972
3062 6673
5031 6680
49 3109
4626 6599
6559 6557
245 3783
2250 4001
6611 6627
3721 6178
6571 6611
3734 5950
1696 1892
6687 6688
55 6655
4161 6178
5702 6623
5784 6598
1957 6556
842 2124
28 6738
544 5156
630 6675
6178 6652
2866 2991
2215 3144
587 5339
6605 6756
380 6652
4104 250
2161 6030
250 6584
6571 6610
250 270
1156 4137
3060 5037
72 2682
1243 5901
5037 5945
1634 6666
87 6030
3062 6631
2250 6589
245 4507
3403 6680
5901 6571
6686 6689
1786 4104
1634 3054
6610 6695
3678 6606
2663 6582
6560 6734
5037 6251
2934 6675
712 4942
4595 5037
1205 3983
270 1059
1156 6557
6569 6741
2575 3617
5175 6605
1812 6636
3292 6972
6666 6699
3798 6569
2220 3172
319 1156
6589 6604
55 3060
4020 6233
1059 6680
886 4380
6571 653
6680 3704
6491 6583
3738 3797
3367 6178
840 6563
5259 6975
6732 1294
665 1529
3175 5808
6605 6607
5901 6739
2638 5264
2366 2682
2791 3738
72 6574
5899 6568
3170 653
339 5946
6555 6736
3009 4920
2682 6623
1243 6178
419 3738
3208 6508
2461 6778
319 5691
1156 6573
49 842
2366 4664
4020 5874
5343 6674
2546 6638
1059 1397
3062 6658
3060 6657
3060 2706
5037 5788
4559 6661
6590 6782
4731 6623
1156 6449
975 6980
68 5702
6610 6790
1044 6559
990 3009
399 3738
49 2461
1398 4880
842 2440
6575 2408
4616 5128
3947 5901
2950 4340
2366 6308
4481 6178
2974 5027
712 1553
3738 6573
5259 6578
1157 2638
5901 6925
55 5037
3803 5037
942 3491
72 6699
3738 3989
2747 5200
1156 6308
6424 7017
2293 6063
5037 6557
1794 6583
1957 6712
1748 1812
68 1067
1001 6555
3738 1156
419 653
712 6953
4001 6449
6569 7016
4707 6979
3738 6632
1059 2663
2638 5037
2923 5499
2366 6602
55 3639
6178 653
67 3328
90 1892
4353 5901
3030 6138
3947 6178
1403 4559
3680 6555
4379 5016
2663 6765
4020 6611
3752 6555
5037 6582
1156 6595
4001 4245
49 1794
3170 6612
4001 5414
1306 6731
3060 6653
1892 5037
3869 4394
3107 6604
2402 6178
49 7017
395 6569
5835 6716
3778 4760
319 6582
19 6972
370 5037
6178 6709
4565 5921
6178 6578
72 6595
4445 5200
1957 6787
6708 6972
6569 6744
5037 6562
4077 6424
2682 5259
6145 6178
3608 6601
72 4077
6652 6656
712 6233
2923 6646
6583 6735
6598 6631
4001 6701
4086 6666
6593 6704
92 6030
2745 5477
3738 1022
653 6661
1156 6571
5901 6754
3738 6604
5901 6709
2461 7030
3199 5642
3172 3725
5156 6595
2461 6779
2435 5901
2250 3260
49 6178
5639 6604
365 6623
3019 3725
2941 4445
68 6972
6595 6788
5037 5376
3738 5414
6178 6701
5825 6178
3062 6700
1882 3062
65 4020
1464 6617
1794 2161
250 3738
2435 4941
6623 6807
824 6686
1423 7031
1036 5156
6006 6587
1060 5037
3062 6630
6680 6571
6178 6560
72 3298
3350 6073
6610 6798
6582 55
3738 6585
1306 2515
3734 6585
1200 4464
58 6652
840 6656
1306 3963
4760 6577
1897 3800
2401 6604
5601 6638
49 4173
3328 6604
6821 1067
6604 6627
68 3062
2926 4793
365 6560
652 6627
468 2056
6691 6693
3042 2897
840 1156
3738 8127
3738 613
5037 3842
72 6652
5016 6598
2293 6613
5037 6585
6557 6560
3062 4731
5901 3009
2972 6623
4444 6661
3738 6571
2366 6696
72 1332
6178 6571
2991 6773
10 6676
2366 6599
264 6730
8154 2885
6268 1148
1059 5037
6555 6734
674 6664
1156 5945
4664 6623
1748 3651
6598 6672
1205 5156
3738 5845
1895 653
270 370
6308 3418
2408 6806
6604 6668
5216 6683
1887 6510
6563 6646
3403 3704
1887 6639
6140 6716
3738 5229
3109 6768
2897 5037
5037 6722
2440 6642
1957 3900
1859 2161
89 3260
2056 6627
1156 5660
6559 6629
5229 6084
6731 6769
5229 6178
395 6584
7020 8133
570 4380
2745 6783
2930 3058
6567 6569
5808 6555
4001 58
1044 885
3260 3848
51 5037
6736 5229
5901 6600
67 6601
3626 6574
6555 6570
220 6710
4353 6178
319 3009
3734 4001
1044 6557
3520 3522
3651 6595
1156 3062
4380 4952
113 2435
6691 6694
2682 6738
1473 5259
370 4445
1205 6779
8086 5508
3021 250
264 4001
72 6178
5623 3172
3842 6638
87 90
3803 4001
2250 6600
1157 6972
445 2440
3060 4001
1957 6615
1508 3869
49 3260
2242 2366
319 4464
28 2031
3678 5175
1157 6424
2161 6178
2682 3260
6571 4445
5037 6574
3738 4310
4161 72
3003 4705
1880 3062
5901 6574
2682 6178
6590 6636
5229 5901
975 6577
615 6818
3738 4445
516 5901
531 6728
1423 2523
5264 4899
1188 4664
615 820
1200 1242
5414 6178
3734 6146
68 1036
979 3734
5037 6980
6638 6981
49 2161
49 5825
1205 6574
6631 6772
5339 5037
2461 6178
19 6604
72 842
6178 6711
6554 6570
2423 6571
3738 3803
68 6424
1821 6731
364 6555
6574 6759
5702 5923
3030 6623
1423 5156
380 2897
3869 4498
1243 3060
6604 6629
3042 5702
477 6828
1139 2934
3901 6819
1036 6779
7019 6638
3752 5261
5359 6178
1941 6178
6686 6687
6656 6682
1156 6600
1880 1882
1397 1957
4880 6733
840 3175
3403 3021
4484 6570
2897 6682
6610 6652
3738 87
2747 6571
2440 4516
2575 4380
4001 6582
2461 1502
113 6772
370 4464
6779 7031
2293 6676
1148 6666
2682 4173
270 3191
3734 6590
72 5259
531 6629
6449 6666
7165 2547
370 3061
6508 6813
4353 5689
3983 6965
1957 3346
3617 6673
353 4952
1067 1473
516 6178
5601 6616
3738 1882
3009 6178
4664 5923
4797 6569
4380 6641
3019 4565
1464 6596
5229 6571
113 6178
712 4020
5324 5027
3738 3869
3639 6678
72 6449
598 3848
204 6029
67 6667
5601 6308
3060 5901
6557 6558
4265 4920
380 6656
90 5901
6774 6775
975 4941
6176 6661
4067 6582
6556 6573
2663 5037
98 599
1711 5156
1205 6777
67 6693
531 6725
3522 6638
4001 6622
2161 6604
4664 6604
1205 6595
653 6645
8041 8123
6776 6965
72 5901
5037 6636
1897 5977
1628 6604
3800 6566
653 4565
5229 3725
3734 6587
3144 7018
2897 6646
519 3367
1882 6589
1156 4899
72 6582
1036 5923
1957 6674
65 5081
6571 6613
2366 6674
6672 6700
6424 6708
319 6569
3803 6555
3050 3144
4802 5196
6146 6970
3425 4001
3738 4481
3639 3763
6178 6238
92 1685
2943 3859
67 5533
1672 6625
6568 1067
6178 6582
5229 5261
2056 4067
1748 4505
3738 7013
4380 6638
3738 6743
87 5901
990 6178
5037 6701
1139 6703
92 113
2812 6970
6750 6816
3144 5117
51 840
6582 6652
5229 6611
4015 6680
1004 3626
3803 5229
5398 6627
470 4985
3285 4588
3292 6424
93 5037
6685 58
2161 6574
3356 5037
6351 6598
1685 6595
410 2161
613 3869
1139 6592
1156 6602
6658 6671
5063 5027
58 4538
2165 2366
2165 6682
28 2972
67 4001
990 3582
2250 4223
4001 6657
1499 6594
1529 4830
6613 6676
5037 6624
72 6677
1485 5037
1794 6006
2250 6980
87 6583
2250 2897
3367 5901
3608 3869
3041 6583
6638 2515
5845 6596
4380 5656
4833 6558
2638 5016
19 6668
5031 6556
6268 6449
3738 5921
5037 6146
2366 5000
5312 6676
4793 6690
4380 6629
3065 6781
103 1957
4941 5037
1892 5259
6604 4198
1067 6604
6555 6556
370 2941
1473 5729
2759 4293
6777 6788
1036 6972
5037 6604
6568 6663
6006 6561
514 842
4001 6646
6178 6964
5845 6449
477 4654
587 3356
625 4020
615 1508
6619 6785
939 6703
4020 4333
2440 4565
3738 6661
3065 2906
1044 3109
8144 3617
887 3738
3272 6268
531 6726
58 1123
1385 3501
1696 4001
72 2822
2682 6576
531 6727
1205 6575
3738 410
1205 6788
3658 6651
6178 6750
5100 5027
587 4001
1036 6424
1369 3030
3272 6652
4067 4417
1156 5691
2974 473
5156 5945
2745 6176
6555 6573
4897 6449
87 92
653 4444
2366 5264
158 1059
883 2461
6688 6800
49 1205
990 6575
1205 5702
72 6636
2165 6589
6598 6600
221 2720
2056 6628
6756 6757
3752 5031
1205 3109
4076 5901
5901 6178
3869 5601
3060 6970
4147 5027
3778 6577
3030 6598
6654 6772
1205 1973
4993 6569
2747 6573
410 5639
4001 5259
1205 6776
2638 6571
1067 3848
6030 6178
476 6592
2923 6647
49 6583
5901 6711
3175 3177
3738 6645
3651 5901
531 3678
5343 6983
1156 2663
2366 6586
5845 6603
4001 6624
3062 7017
2941 3738
531 6607
72 1067
6575 6642
1553 5383
2161 3298
5901 6579
68 5259
1067 5923
4001 4703
1957 7013
6582 6971
5037 6600
1387 6803
2418 5037
984 6585
5391 5901
1156 2923
2947 4086
6619 6759
6372 6568
6178 6755
2933 6686
72 5334
158 1957
1001 3639
6558 6562
5808 6178
4041 5729
1157 2366
1887 4380
6178 7013
5417 5027
1957 4104
2934 5027
3947 6583
975 5901
4899 5000
4445 5142
4707 6731
3738 4729
380 2923
6610 6699
3060 6600
284 6595
72 6590
3260 6424
653 5921
6178 6749
92 6766
3062 6598
8157 5508
3172 4716
6571 6571
6584 6585
6174 6259
2777 5027
4664 6598
3639 4363
1157 4137
5799 6780
2947 6666
4498 6176
3738 72
3734 6589
3738 5134
2941 3859
6582 6655
72 3651
6178 6576
49 3947
68 6624
6623 6672
245 6786
1157 5702
6824 6826
3042 5037
6369 653
533 5037
3030 6030
319 3651
468 6611
1036 6827
113 5359
2250 3060
1423 6779
1957 2706
5656 6629
49 6972
2682 6652
979 3639
6812 6813
6749 6797
6555 6709
319 4137
3738 2366
3260 3651
6590 6654
3651 6971
4664 5656
3738 6602
90 4608
2461 6776
5037 6598
3738 6717
5929 6613
13 2161
3260 6582
6558 6660
6146 6600
5477 6030
5200 6178
2638 1148
3272 6601
1060 4001
3651 6763
1156 2124
2941 4464
1510 3491
72 6583
1973 5156
58 6722
2402 6972
3060 5702
221 512
2638 5200
8159 5027
1156 5210
6006 6654
3717 5195
4484 5156
72 6679
380 6563
2366 6268
395 3734
5037 6681
712 6619
2846 3050
5788 6569
4050 6555
1139 6675
68 5784
3172 4050
2366 5210
4484 4445
4333 6619
5200 6656
2991 3651
630 6634
319 2366
49 6574
3881 6569
4001 6681
4015 6615
3738 6734
6585 6587
1116 3367
1205 6578
49 2682
3738 6668
250 1059
4827 6178
4729 5027
445 6178
2124 5414
4772 5037
58 250
1306 6638
4173 6579
3060 3734
5037 6672
886 4952
2663 6764
2972 3030
410 6604
5169 6613
6449 6667
1200 5229
2623 6820
3738 6670
2745 4559
6629 6738
3328 4067
6178 6595
5366 6178
90 3175
5037 6721
587 5037
6596 6978
6449 6604
3927 4444
1044 6562
6582 6590
410 842
3060 6146
2638 6573
1794 6575
652 2056
87 6178
5601 6259
1067 5901
1794 3260
3651 6178
6666 3927
6178 6734
5229 6556
3065 4952
6178 6573
3869 6818
3738 6711
1067 6577
5259 49
6623 6708
6178 6600
3100 3279
6570 6642
5494 653
264 2678
1628 6176
2366 6597
1000 4001
2812 4379
6590 6595
3901 6683
1403 5477
1499 2366
158 3704
2402 6424
58 6563
1696 6979
4379 6607
6664 6664
2682 6006
68 1188
72 3582
90 6030
3172 4722
4941 5901
3738 6598
6604 6781
6556 3704
6559 6561
1510 6731
4279 5037
5200 5901
1067 6178
2366 6662
6575 6621
5722 6569
3785 6569
3294 3963
842 6178
842 6449
6146 6657
4444 6750
3752 6611
319 3260
6598 6630
1067 6708
1157 4899
1794 6178
6555 270
3738 3009
6580 2958
49 6749
1957 2366
2703 6561
6948 6977
6176 6750
6561 6557
4484 370
4559 6637
2461 6815
3738 5107
5901 6588
6146 6585
3738 92
1957 6555
3678 6756
653 6637
3009 3639
3738 975
3275 3639
4333 6611
4265 6618
6582 6679
3790 6720
1205 2461
653 3989
6577 6804
1696 6560
2461 5702
3983 6778
4665 5027
5929 6063
2161 2682
3738 6781
2366 6598
3009 4161
3738 6259
840 2250
2322 6799
2250 6590
48 3285
2461 7031
6627 6449
3721 5901
445 1157
243 3959
3983 5156
4444 4559
1957 4680
4380 5601
1423 6776
103 4616
2366 4565
5533 6604
3738 4444
4380 4394
319 6449
221 2385
5156 6776
13 3260
6670 7030
1036 3983
4001 6656
5784 6604
270 6584
1957 3664
6582 6636
1067 3260
2056 4077
5901 7013
2124 2366
3054 3717
2366 3062
55 380
2638 6268
6063 6676
5200 6555
3738 4198
3191 6614
3738 4703
3065 5414
5149 6814
540 2161
380 5950
2745 4444
1812 6679
6691 6692
3777 6591
975 1685
2579 6781
92 1973
3752 6680
89 6577
6627 6745
653 4262
1897 3079
2492 6978
1157 6268
2366 5037
2579 6637
87 1067
1148 5787
72 1205
608 6560
840 1157
4827 5901
4481 6555
3752 158
3608 4380
2366 6351
49 6663
2288 5037
72 3009
3651 6582
5037 6178
4020 6170
87 5037
1957 3777
4067 6667
4001 5334
6178 6739
975 1892
2401 5702
2452 5901
3734 6584
6686 6688
4077 6238
5901 3582
5210 6308
5461 6449
2682 6595
514 6449
1205 3009
1067 4664
615 3738
1397 6555
3260 6178
51 3175
5037 6655
5259 6576
58 6682
6006 6655
1892 6259
6567 6568
264 5037
58 3403
6615 653
5031 3170
3738 2663
3172 6555
6610 6717
3738 3960
1036 4664
3260 6621
6554 1200
4481 6570
68 6598
67 6627
113 1794
1957 5261
67 6449
2579 3927
3060 6585
4445 6573
2682 3626
5784 6623
6670 3927
6661 5027
4309 6654
3260 6972
3738 6562
89 2161
4626 93
158 3403
609 6673
6555 6571
3738 6555
1044 6558
540 3734
2897 6681
68 5923
3172 5229
1957 3172
4001 6590
531 6623
1770 2161
3738 6370
3738 90
1156 6597
72 5037
2926 3030
1897 6566
2124 3272
3491 3522
975 6178
158 270
2161 6925
370 3403
2216 3783
1957 7020
917 4538
58 4223
1696 3842
67 410
615 3869
3366 6686
1156 6594
92 3009
4332 5383
2366 6610
380 5037
5901 6575
72 4001
5901 6573
1685 3009
1044 2703
615 4498
3001 5099
6030 6176
840 4001
2031 5784
3009 6595
1564 2161
3869 5216
6178 6588
4481 5901
975 5259
6685 3704
665 3738
653 6662
370 6554
1157 6594
2161 4265
6786 7020
1156 5923
270 3172
2366 6972
5825 5901
2366 6178
1067 5784
6560 6805
72 5929
3062 5210
1957 6680
6583 7017
615 5216
72 3060
2161 3848
3413 6178
2366 5016
2161 2435
6646 6652
4664 6972
3738 4565
2366 2638
55 72
6598 6673
511 512
2703 6559
2161 6619
2638 4899
6178 6982
1148 2366
615 6781
6623 6631
4707 6702
3859 4565
7478 3963
370 3736
49 6759
6006 6574
49 1067
72 6632
6610 6656
6070 6178
419 4445
5142 6555
1156 3272
2366 6424
1517 6608
3738 4772
1306 3347
1156 2638
1067 6972
72 2452
2161 3009
158 3172
2461 6788
5901 6755
3065 3272
4640 6623
1156 6424
6084 6571
1880 4722
6573 653
1156 5264
4445 5414
3888 6174
2575 3030
3738 6978
2452 2682
665 6259
512 4952
3639 4333
5200 6571
1067 6598
3170 6571
6603 6978
380 6580
4076 6557
4664 6424
2745 6637
5259 6579
653 5499
2161 3058
712 4265
3275 6569
2440 4445
3734 6586
1123 5037
5229 3092
58 6684
1044 4076
6178 6449
6579 6749
2682 6604
5264 6594
4380 5729
1059 6685
887 6178
3403 6615
4001 6621
1067 6424
5736 6569
2461 6574
6006 6706
250 3704
4001 6146
3626 4952
5391 6178
4461 5945
4265 4333
1813 2958
2745 8157
49 6590
2288 4001
3869 6781
3738 8126
3951 3491
404 5037
264 2250
6660 6768
4020 6729
49 5901
67 6604
2941 3097
2635 4603
2435 3260
49 6030
6582 6604
72 4137
1882 6449
6666 6695
6449 6590
887 6569
1553 4020
3191 4378
6554 6642
544 7148
2366 6569
3042 6610
630 1139
3260 5901
3260 6146
1957 4015
6563 370
3738 6557
220 5691
6178 6583
2998 6178
1892 3608
2682 6574
2926 6673
519 6683
5334 6563
5037 5702
1957 5031
1067 6623
4941 6178
1156 6601
899 4880
6654 6686
2663 6601
6178 6663
5533 6665
3738 2906
1973 2461
8041 8122
425 6691
6829 6594
3738 4537
399 6562
2212 3959
1397 5031
6555 6711
5156 6778
49 6706
370 1156
2161 5929
2461 4484
4020 4265
4173 6574
68 4897
4161 6983
6610 6178
4086 6424
1205 7030
3272 4086
6178 6574
5259 6574
1403 3046
4484 1200
4265 3491
3613 8154
5343 6070
3704 2991
1148 842
1423 3983
2440 6610
3208 3366
4900 5259
5031 270
2366 2923
3613 5027
3060 6178
82 3272
1957 2958
1423 6788
6308 6449
3065 3869
6734 4285
3738 6738
220 4333
3092 3403
4086 6972
3778 4001
2401 6598
284 4001
2682 3009
5259 6030
975 1067
6656 6666
4380 6259
1892 4842
6308 6610
3752 6556
6449 6633
4665 5901
2926 5729
5037 6979
5494 6609
1397 4020
1403 2745
4380 6631
3752 5229
3738 4840
891 6705
511 3507
5264 6602
2366 6791
6716 6716
3738 5499
8158 5027
5702 5784
4417 6449
1685 6178
72 220
1957 6626
3367 6697
92 6975
7165 2546
3065 3738
3109 6660
5901 7017
5656 6623
820 3869
5037 5259
365 399
1973 5601
609 6598
4161 6674
1156 1205
3752 6601
445 2638
365 6782
3651 4001
1156 6599
1059 3403
1272 6736
1957 3725
4274 5149
58 2366
2161 6070
2682 6583
1397 3403
5729 6673
4153 4380
1957 3170
2787 4001
6558 6659
3062 1067
2461 3983
3617 3738
3738 8129
72 284
4716 6555
2366 6652
1067 2682
5784 6178
5808 5901
3429 6569
3062 6671
4746 6555
3983 6788
49 5703
58 90
3582 2408
6623 6673
5623 3704
3738 4262
3060 5339
5142 6570
270 1957
6449 6665
1973 6577
4001 6600
3275 5259
6178 6753
5175 6606
3738 6613
3176 6580
4464 6554
4380 6640
6631 6673
5343 6793
5264 6598
1156 1157
6562 6623
