3738 3.14159265358979 5.0491580298504
6178 5.85000000999992 5.91559200555034
5037 1.09000001 6.42242339068554
5901 5.89000000999992 6.78202598125027
2366 4.33000000999995 7.06095542039303
72 5.76000000999992 7.28885736638547
4001 1.01000001 7.48154571616955
1156 4.24000000999995 7.6484599569502
6604 4.85082872928179 7.79568875152068
6449 4.82872928176797 7.92738939609296
1957 2.17127071823206 8.04652712084837
49 6.20441988950286 8.15529134208541
1067 3.6795580110497 8.25534472667733
2161 6.06629834254153 8.34797969186948
6555 2.27624309392266 8.43422078122817
1205 0.104972375690608 8.51489393265013
6623 3.74033149171268 8.59067470992067
2461 0.12707182320442 8.66212272722061
2682 6.08839779005534 8.72970675380845
6610 4.63535911602211 8.79382337179289
6571 2.36464088397791 8.85481107700468
6598 3.7734806629834 8.9129610965483
6569 0.613259668508286 8.96852579976184
6582 5.69613259668515 9.02172531778534
5259 0.408839779005524 9.07275281093565
3260 5.70718232044206 9.12177870237726
3060 0.994475138121545 9.16895411235582
6574 6.14917127071833 9.21441366756941
3062 3.79005524861876 9.2582778173335
653 2.69613259668508 9.3006547569281
5229 2.30939226519338 9.34164203545684
6424 3.98342541436461 9.38132790835006
4380 1.71270718232045 9.4197924816835
5027 2.87292817679558 9.45710868562061
3009 6.01104972375699 9.49334310671217
5156 0.12707182320442 9.52855670292054
6972 4.07734806629832 9.56280542065569
58 2.02209944751383 9.59614072950839
6666 4.63535911602211 9.62861008751246
3734 0.944751381215468 9.66025734749282
6595 6.25414364640894 9.69112311323079
319 5.6906077348067 9.72124505270461
68 3.68508287292815 9.75065817446736
6590 1.05524861878453 9.77939507224823
4445 2.49723756906078 9.8074861420633
4020 1.51933701657459 9.83495977546177
6583 6.16574585635369 9.86184253198798
2638 4.18232044198893 9.88815929348527
3651 5.69613259668515 9.91393340248869
5702 3.68508287292815 9.93918678663559
6652 5.80662983425422 9.96394007075581
3172 2.19889502762432 9.98821267807719
4664 3.97237569060771 10.0120229217906
2250 1.04972375690608 10.0353880880557
270 2.17127071823206 10.058324511391
1157 4.18232044198893 10.0808476432693
370 2.46961325966851 10.1029721146436
3869 3.09944751381214 10.1247117930334
67 4.82872928176797 10.1460798347326
3704 2.11049723756907 10.167088732628
3403 2.13812154696134 10.187750360067
3030 3.81767955801102 10.2080760111568
5784 3.68508287292815 10.2280764378398
1036 3.97237569060771 10.24776188405
6030 0.281767955801105 10.26714211722
90 0.287292817679558 10.2862264573834
6560 5.38121546961331 10.3050238040891
6573 2.55248618784531 10.3235426613205
92 0.281767955801105 10.341791160597
3752 2.30386740331493 10.3597770824121
1794 6.16022099447523 10.377507876152
380 1.12707182320442 10.3949906786205
3639 1.4364640883978 10.4122323312859
842 4.78453038674035 10.4292393963556
55 1.12154696132597 10.4460181717708
1892 0.513812154696132 10.4625747052083
6638 1.71823204419891 10.4789148071675
975 0.464088397790054 10.4950440632124
3272 4.63535911602211 10.5109678454342
6146 0.96685082872928 10.5266913231928
5200 2.55248618784531 10.542219473191
1059 2.13812154696134 10.5575570889307
531 3.4917127071823 10.5727087895962
7017 4.03867403314914 10.5876790284045
87 0.281767955801105 10.6024721004633
6570 2.49171270718232 10.6170921501673
6557 5.30386740331496 10.6315431781686
6627 4.90607734806632 10.6458290479482
6600 0.999999999999998 10.6599534920156
5601 1.707182320442 10.6739201177632
615 3.09392265193369 10.6877324129965
5031 2.19337016574587 10.7013937511617
2745 2.76795580110497 10.714907396292
840 1.1878453038674 10.7282765076879
5264 4.18232044198893 10.7415041443511
6585 0.944751381215468 10.7545932691852
1044 5.29834254143651 10.7675467529796
4444 2.75138121546961 10.7803673781886
4265 1.50276243093923 10.7930578425186
6589 0.911602209944749 10.8056207623355
6575 0.0276243093922652 10.818058675902
6611 2.33149171270719 10.8303740464557
6556 2.30386740331493 10.8425692651374
6656 1.1767955801105 10.8546466537771
2440 2.65193370165746 10.8666084675473
6673 3.7734806629834 10.8784568974905
6006 6.13812154696142 10.8901940729278
6686 5.12707182320445 10.9018220637557
6680 2.13259668508289 10.9133428826368
6563 1.19889502762431 10.9247584870909
1423 0.149171270718232 10.9360707814908
6781 3.11049723756905 10.9472816189693
4484 2.46961325966851 10.9583928032408
6613 5.34806629834259 10.9694060903435
2941 2.49171270718232 10.9803231903045
4086 4.63535911602211 10.9911457687334
6577 0.464088397790054 11.0018754483476
2897 1.0939226519337 11.0125138104325
250 2.09944751381217 11.0230623962398
2663 4.69060773480664 11.033522708328
3983 0.149171270718232 11.0438962118463
1973 0.110497237569061 11.054184335767
6636 6.20441988950286 11.0643884740659
2923 4.28729281767954 11.0745099868567
3065 3.13259668508286 11.0845502014783
712 1.51381215469614 11.0945104135398
6637 2.74033149171271 11.1043918879236
5923 3.68508287292815 11.1141958597499
5929 5.34806629834259 11.1239235353025
1685 0.430939226519336 11.1335760929199
6554 2.46961325966851 11.1431546838518
6750 2.74033149171271 11.1526604330834
6259 1.70165745856355 11.1620944401276
4161 6.00552486187854 11.171457779789
6568 4.03867403314914 11.1807515028984
4941 5.93370165745864 11.1899766370205
5414 3.13812154696132 11.1991341871356
2124 4.33149171270717 11.2082251362969
4565 2.65193370165746 11.2172504462638
6176 2.77900552486188 11.226211058112
6268 4.60773480662984 11.2351078928231
5729 3.73480662983423 11.243941851852
6738 3.50828729281766 11.2527138176753
158 2.1657458563536 11.2614246543204
1148 4.60773480662984 11.2700752078761
6308 4.3756906077348 11.2786663069858
410 4.82872928176797 11.2871987633238
6619 1.50276243093923 11.2956733720555
4067 4.93370165745859 11.3040909122822
4952 1.75138121546962 11.3124521474707
4333 1.50276243093923 11.3207578258691
4137 4.23756906077346 11.3290086809082
6580 0.403314917127071 11.3372054315909
113 5.95027624309401 11.3453487828674
2435 5.95027624309401 11.3534394259995
6579 0.337016574585635 11.3614780389123
6584 0.944751381215468 11.3694652865358
6672 3.75138121546959 11.3774018211341
6676 5.34806629834259 11.3852882826257
3109 0.0662983425414365 11.3931252988927
1200 2.46961325966851 11.400913486081
6779 0.12707182320442 11.4086534488909
6661 2.77900552486188 11.4163457808589
6629 3.50828729281766 11.4239910646307
990 0.0276243093922652 11.4315898722261
2056 4.93370165745859 11.4391427652961
6631 3.7734806629834 11.4466502953713
3367 5.87845303867411 11.4541130041045
3803 2.27071823204421 11.4615314235042
6731 0.513812154696132 11.4689060761632
3617 3.81767955801102 11.4762374754787
4464 2.46961325966851 11.4835261258672
3927 2.75138121546961 11.4907725229726
6788 0.149171270718232 11.4979771538686
3608 3.09392265193369 11.5051404972548
6558 5.29834254143651 11.5122630236481
2579 2.75138121546961 11.5193451955677
1397 2.14364640883979 11.5263874677155
6601 4.69060773480664 11.5333902871513
6562 5.29281767955806 11.5403540934632
6734 5.38121546961331 11.5472793189327
1696 0.527472527472527 11.5541663886964
1403 2.76502732240434 11.5610157209022
284 6.24999999999991 11.5678277268616
6559 5.30810810810817 11.5746028111983
6654 5.1290322580646 11.5813413719919
6615 2.11229946524065 11.5880438009186
6578 0.0425531914893617 11.5947104833878
511 4.87301587301587 11.601341798675
1306 0.505263157894737 11.607938120051
6646 1.20418848167539 11.6144998149087
5533 4.83854166666666 11.6210272448851
3170 2.21761658031089 11.6275207659815
4899 4.18041237113401 11.6339807286796
6776 0.138461538461538 11.6404074780551
5016 3.79081632653066 11.6468013538886
5945 1.0253807106599 11.6531626907729
5261 2.31313131313131 11.6594918182186
4394 1.70351758793969 11.665789060756
1882 3.85499999999994 11.6720547380354
19 4.07462686567169 11.6782891649242
3175 1.18811881188119 11.6844926516019
4481 2.51724137931038 11.6906655036526
6594 4.19607843137254 11.6968080221557
6606 3.48780487804878 11.7029205037734
4559 2.76699029126217 11.7090032408374
3725 2.20772946859904 11.7150565214321
264 1.04326923076923 11.7210806294771
6683 3.21052631578949 11.7270758448064
630 4.22857142857142 11.7330424432472
4173 6.11374407582951 11.7389806966955
1139 4.22641509433956 11.7448908731904
3491 1.48356807511737 11.7507732369872
6668 4.85514018691579 11.7566280486277
6657 0.976744186046509 11.76245556501
6642 2.48148148148148 11.7682560394556
5845 4.75576036866353 11.774029721776
5175 3.48165137614676 11.7797768583368
5210 4.37442922374436 11.785497692121
6607 3.48181818181815 11.7911924627909
3678 3.48868778280542 11.7968614067476
3042 1.09459459459459 11.8025047571908
6691 1.86995515695068 11.8081227441756
5216 3.09821428571427 11.8137155946692
3848 6.05777777777761 11.8192835326059
2926 3.80973451327436 11.8248267789408
1897 1.91629955947138 11.8303455517022
7013 5.89473684210535 11.8358400660435
51 1.18777292576419 11.8413105342932
3582 0.0173913043478261 11.8467571660044
609 3.76623376623383 11.8521801680026
5334 1.21551724137931 11.8575797444333
5808 5.85836909871253 11.8629560968075
3626 6.09829059829058 11.8683094240475
221 1.8255319148936 11.8736399225306
6975 0.381355932203389 11.8789477861324
4104 2.0970464135021 11.8842332062693
587 1.07563025210084 11.8894963719397
6664 4.02928870292883 11.8947374697648
3144 5.05833333333337 11.8999566840279
3021 2.0954356846473 11.9051541967137
2991 2.07438016528927 11.9103301875463
6063 5.34979423868319 11.9154848340261
6655 1.11885245901639 11.9206183114669
2401 3.71020408163269 11.9257307930313
6978 3.18292682926827 11.9308224497659
5343 0.732793522267208 11.9358934506354
6674 0.733870967741935 11.9409439625566
220 1.49397590361447 11.9459741504313
5477 2.772 11.9509841771782
2402 4.08366533864542 11.9559742037651
365 5.38888888888887 11.9609443892397
5656 3.5177865612648 11.9658948907598
3842 0.527559055118109 11.9708258636236
2408 0.0196078431372549 11.9757374612984
6070 6.00390625 11.9806298354499
4707 0.521400778210115 11.9855031359694
4379 3.47286821705427 11.9903575110024
1748 5.67567567567568 11.9951931069748
3859 2.64230769230768 12.0000100686198
6576 5.90804597701132 12.0048085390038
3328 4.82061068702291 12.0095886595518
6670 2.74904942965781 12.0143505700726
6662 2.69696969696974 12.0190944087833
2523 0.120754716981132 12.0238203123332
6709 0.612781954887221 12.0285284158275
4880 5.19475655430694 12.0332188528507
7031 0.134328358208955 12.037891755489
6682 1.17472118959108 12.0425472543527
4077 4.94074074074074 12.0471854785984
6667 4.84501845018451 12.05180655595
3947 6.17647058823552 12.0564106127204
665 1.69597069597069 12.0609977738316
6561 5.31021897810233 12.0655681628355
6708 3.99272727272717 12.0701219019336
6925 6.06884057970992 12.0746591119968
6711 5.84476534296036 12.0791799125846
6749 0.338129496402877 12.0836844219637
7020 2.23297491039426 12.0881727571271
245 4.21785714285716 12.092645033812
6602 4.25266903914596 12.0971013665176
6970 0.968085106382973 12.101541868523
6756 3.4593639575972 12.1059666519045
6679 5.74295774647879 12.1103758275519
445 4.17192982456139 12.1147695051862
6716 1.36013986013987 12.1191477933752
3275 0.602787456445994 12.1235107995499
3778 0.472222222222221 12.1278586300203
395 0.937716262975785 12.1321913899909
1880 3.85517241379302 12.1365091835761
3613 2.87285223367697 12.1408121138148
4603 1.60958904109588 12.1451002826858
6757 3.46075085324227 12.1493737911217
4353 5.86734693877561 12.1536327390238
5383 1.94915254237286 12.1578772252752
6772 5.13175675675671 12.1621073477555
6777 0.158249158249158 12.1663232033538
5499 2.68791946308728 12.1705248879822
1473 3.72909698996667 12.1747124965888
886 1.75000000000001 12.1788861231707
6979 0.521594684385383 12.1830458607865
2293 5.35099337748332 12.187191801569
2747 2.55115511551156 12.1913240367371
5921 2.66118421052636 12.1954426566082
887 0.62295081967213 12.1995477506097
1553 1.51633986928104 12.2036394072909
6084 2.30944625407166 12.2077177143344
5000 4.17532467532468 12.2117827585674
2822 0.430420711974111 12.2158346259726
6759 6.19354838709668 12.2198734016994
5623 2.11897106109324 12.2238991700744
4760 0.471153846153845 12.2279120146123
4498 3.08945686900954 12.2319120180256
4793 3.80891719745233 12.2358992622357
5359 5.95555555555554 12.2398738283824
6671 3.75316455696204 12.243835796834
3989 2.69716088328074 12.247785247197
4731 3.74842767295595 12.2517222583256
4827 5.88714733542305 12.2556469083315
4616 5.19374999999984 12.2595592745926
6508 5.02492211837992 12.2634594337629
399 5.39130434782601 12.2673474617809
4897 3.66873065015483 12.2712234338787
6632 4.78395061728377 12.2750874245908
6786 2.23384615384612 12.2789395077626
6980 1.04907975460122 12.2827797565588
4507 2.23241590214064 12.286608243472
3191 2.17987804878045 12.2904250403306
3777 2.15805471124623 12.2942302183071
6624 1.01515151515152 12.2980238479261
2703 5.31117824773426 12.3018059990717
3019 2.64156626506027 12.305576740996
6701 1.03303303303304 12.309336142326
4920 1.49999999999999 12.3130842710713
5142 2.49850746268657 12.3168211946317
6663 6.2172619047622 12.3205469798044
2958 0.400593471810088 12.3242616927909
6596 4.75443786982257 12.3279653992042
3058 4.08554572271381 12.331658164076
7030 0.1 12.3353400518632
6567 4.04398826979472 12.3390111264548
6660 0.0672514619883041 12.3426714511787
519 3.20991253644322 12.3463210888078
1887 1.7296511627907 12.3499601015672
3054 1.32463768115942 12.3535885511396
6599 4.31213872832366 12.3572064986726
512 1.82420749279541 12.360814004784
6693 4.86206896551726 12.3644111295685
1464 4.75358166189132 12.3679979326034
6621 0.0314285714285714 12.3715744729547
5691 1.4928774928775 12.3751408091827
3107 4.84943181818192 12.378696999348
6778 0.144475920679887 12.382243101017
6688 5.12429378531086 12.3857791712676
5825 5.90140845070452 12.3893052666947
28 3.51123595505611 12.3928214434154
419 2.70588235294117 12.396327757075
6675 4.22625698324026 12.3998242628513
6736 2.28412256267407 12.4033110154608
2165 0.911111111111108 12.4067880691631
4076 5.30193905817175 12.4102554777665
6587 0.947513812154703 12.4137132946326
3963 0.504132231404961 12.4171615726815
5339 1.07692307692307 12.4206003643963
6605 3.482191780822 12.4240297218285
3901 3.21311475409837 12.4274496966021
1243 5.85286103542224 12.4308603399186
917 4.28804347826076 12.4342617025616
364 2.49593495934954 12.4376538349011
514 4.78918918918924 12.4410367868982
6685 2.10781671159029 12.4444106081097
2452 5.76344086021536 12.4477753476918
6681 1.09115281501341 12.4511310544052
6140 1.36096256684492 12.4544777766186
4015 2.12799999999999 12.4578155623134
6699 4.64361702127654 12.4611444590878
2934 4.22546419098151 12.4644645141604
2972 3.82275132275139 12.4677757743749
1812 5.67546174142496 12.4710782862034
2575 3.81842105263147 12.4743720957509
89 6.06299212598439 12.4776572487588
3522 1.48429319371729 12.4809337906086
6782 5.38903394255864 12.4842017663262
6665 4.83854166666667 12.4874612205851
6706 6.13766233766211 12.4907121977101
3292 3.98445595854924 12.4939547416814
3092 2.32041343669251 12.4971888961376
3366 5.11855670103091 12.5004147043795
899 5.19537275064275 12.5036322093735
6233 1.52051282051282 12.506841453755
6695 4.62659846547317 12.5100424798321
2288 1.01020408163265 12.5132353295885
4262 2.69211195928751 12.516420044687
540 0.928934010152277 12.5195966664728
5149 5.48860759493674 12.5227652359768
1529 1.69444444444446 12.5259257939185
3959 0.783375314861459 12.5290783807094
1634 1.32412060301506 12.532223036456
6739 5.8721804511277 12.5353598009627
4665 2.87749999999995 12.5384887137354
2720 1.82793017456357 12.5416098139836
6588 5.83582089552248 12.5447231406242
6690 3.80645161290329 12.5478287322838
4722 3.85891089108895 12.5509266273018
6597 4.26419753086435 12.5540168637336
544 0.17487684729064 12.5570994793526
3208 5.02457002456987 12.5601745116536
6687 5.12500000000019 12.5632419978556
5950 1.12958435207824 12.5663019749039
5494 2.68048780487805 12.5693544794733
3721 5.88321167883233 12.5723995479707
3783 4.21844660194169 12.5754372165373
2546 1.72154963680389 12.5784675210517
4626 4.31159420289851 12.581490497132
6658 3.7542168674698 12.5845061801388
2706 0.990384615384612 12.587514605177
5788 0.616306954436449 12.5905158070989
6816 2.73444976076559 12.5935098205063
5703 6.15035799522661 12.5964966797531
4772 1.1047619047619 12.5994764189472
5081 1.89311163895487 12.6024490719534
4505 1.89336492890998 12.6054146723954
3413 5.91489361702106 12.6083732536583
3177 0.403301886792455 12.6113248488904
4050 2.20000000000004 12.6142694910059
3507 4.87323943661976 12.6172072126871
473 2.86885245901631 12.6201380463862
3717 1.32710280373831 12.6230620243277
6824 4.49883449883446 12.6259791785104
1510 1.48139534883723 12.6288895407099
3294 0.503480278422276 12.6317931424801
2974 2.8680555555556 12.6346900151555
204 0.501154734411088 12.6375801898535
3425 1.02073732718895 12.6404636974759
13 5.71034482758607 12.6433405687113
942 1.47706422018348 12.6462108340367
6717 4.65217391304364 12.6490745237199
1001 1.43607305936074 12.651931667821
6174 1.69931662870163 12.6547822961944
4716 2.27727272727272 12.6576264384908
4153 1.74829931972788 12.660464124159
6821 4.0339366515837 12.6632953824475
8157 2.7697516930023 12.6661202424068
4729 2.88288288288295 12.6689387328907
6755 5.86292134831442 12.6717508825582
2947 4.6300448430493 12.6745567198755
5391 5.89038031319918 12.6773562731174
6971 5.69642857142878 12.6801495703691
4703 3.16035634743871 12.6829366395282
6603 3.18222222222213 12.6857175083059
6586 0.953436807095338 12.6884922042288
3079 1.91592920353984 12.6912607546407
6983 0.73068432671082 12.6940231867042
4417 4.92951541850204 12.6967795274021
5977 1.91868131868131 12.6995298035391
5455 1.91885964912282 12.7022740417434
6640 2.11816192560173 12.7050122684682
1123 2.02183406113534 12.7077445099931
6982 6.05010893246168 12.7104707924261
2906 3.13260869565215 12.7131911417043
3418 4.37744034707152 12.7159055835962
4198 4.86580086580091 12.7186141437026
103 5.19222462203013 12.7213168474582
6812 5.0258620689654 12.7240137201332
6372 4.04301075268803 12.7267047868346
6754 5.84978540772519 12.7293900725075
1813 0.400428265524626 12.7320696019365
4985 3.69871794871794 12.7347433997475
1499 4.19616204690847 12.7374114904083
4223 2.02553191489363 12.7400738982305
2635 1.60934182590234 12.7427306473709
4538 4.2902542372883 12.7453817618323
6592 4.22198731501043 12.7480272654653
6351 4.33966244725733 12.7506671819693
5639 4.81473684210543 12.7533015348937
3356 1.07563025210084 12.7559303476397
6829 4.19916142557641 12.7585536434608
93 4.3096234309623 12.7611714454647
1895 2.70146137787054 12.763783776614
6700 3.78749999999995 12.7663906597278
6790 4.61954261954251 12.7689921174826
65 1.89211618257261 12.7715881724137
3285 5.51966873706009 12.7741788469161
1348 0.111570247933884 12.7767641632462
2812 3.4721649484536 12.7793441435223
6703 4.21193415637875 12.781918809726
6238 4.94045174538014 12.7844881837036
1060 1.08401639344261 12.7870522871668
6630 3.78323108384446 12.789611141694
3298 6.07346938775518 12.7921647687312
3050 5.05906313645629 12.7947131895936
6566 1.91260162601624 12.7972564254658
1628 2.7829614604463 12.7997944974038
2515 0.506072874493929 12.8023274263353
6789 4.32525252525237 12.8048552330613
5673 1.75201612903225 12.8073779382566
3800 1.91348088531183 12.8098955624712
6491 6.16666666666674 12.8124081261312
652 4.9058116232464 12.8149156495398
468 2.33199999999996 12.8174181528781
2168 0.690618762475054 12.8199156562065
674 4.02988047808765 12.8224081794651
8041 5.45924453280332 12.8248957424751
6645 2.71031746031745 12.8273783649396
613 3.10297029702971 12.8298560664446
6029 0.499999999999998 12.8323288664597
6765 4.69428007889518 12.8347967843394
6965 0.139763779527559 12.8372598393235
6813 5.02554027504917 12.8397180505386
7165 1.72156862745097 12.8421714369984
3279 0.81017612524461 12.844620017605
477 5.232421875 12.8470638111498
8154 2.86354775828467 12.8495028363139
48 5.51945525291827 12.8519371116694
3346 5.51844660194194 12.8543666556801
6815 0.153100775193799 12.8567914867024
979 1.43907156673113 12.8592116229859
820 3.09652509652509 12.8616270826748
6768 0.0674373795761079 12.8640378838078
6722 2.01923076923076 12.8664440443197
5366 5.87523992322427 12.8688455820421
1188 3.96743295019137 12.8712425147037
2385 1.82600382409176 12.8736348599316
516 5.89885496183182 12.8760226352517
6818 3.10095238095244 12.8784058580899
6806 0.0209125475285171 12.8807845457725
98 4.47248576850105 12.8831587155271
2031 3.51136363636372 12.8855283844832
1508 3.09262759924375 12.8878935696733
5508 2.76981132075482 12.8902542880331
1960 4.64030131826715 12.8926105564028
6964 5.75751879699281 12.8949623915275
1459 1.58161350844281 12.8973098100577
686 1.58239700374529 12.8996528285506
885 5.29532710280349 12.9019914634704
2930 4.08582089552243 12.9043257311889
6710 1.49534450651769 12.9066556479865
3520 1.48513011152414 12.9089812300526
4737 2.87569573283862 12.9113024934867
4186 6.06666666666644 12.9136194542983
6694 1.87060998151573 12.9159321284085
6758 3.45940959409587 12.91824053165
8086 2.77348066298353 12.9205446797678
6783 2.7610294117648 12.9228445884203
6927 4.47339449541272 12.9251402731795
570 1.71245421245421 12.9274317495315
2242 4.32175502742241 12.9297190328779
8133 2.22992700729932 12.9320021385354
4310 3.15118397085603 12.9342810817373
3003 0.763636363636368 12.9365558776335
4705 0.764065335753179 12.9388265412915
6769 0.516304347826088 12.9410930876968
5660 4.24412296564182 12.9433555317533
1483 3.48736462093867 12.9456138882845
6728 3.49189189189186 12.9478681720334
1859 6.06474820143931 12.9501183976636
3900 2.17594254937164 12.9523645797595
6639 1.7293906810036 12.954606732827
1242 2.46153846153839 12.9568448712943
6510 1.73035714285714 12.9590790095119
6981 1.71836007130123 12.9613091617538
6767 0.0640569395017794 12.9635353422175
2885 2.86323268206035 12.965757565025
2423 2.36524822695032 12.967975844223
1821 0.511504424778764 12.9701901937835
6795 0.461130742049472 12.9724006276044
5008 0.8095238095238 12.9746071595101
6730 1.04225352112678 12.9768098032518
6828 5.23198594024628 12.9790085725083
6724 3.98245614035064 12.9812034808861
6819 3.21366024518399 12.9833945419204
7019 1.71678321678319 12.9855817690752
1941 5.8289703315881 12.9877651757438
5922 4.93554006968649 12.9899447752499
6733 5.19652173913062 12.9921205808471
4516 2.65451388888895 12.9942926057203
1502 0.131715771230503 12.9964608629855
6117 2.15743944636674 12.9986253656909
10 5.34369602763396 13.0007861268166
2547 1.72241379310341 13.002943159276
3061 2.46471600688474 13.0050964759153
6773 2.07388316151202 13.0072460895147
5689 5.86792452830168 13.0093920127885
1332 5.7534246575341 13.0115342583857
353 1.75384615384615 13.0136728388902
6616 1.7064846416382 13.0158077668217
4797 0.609880749574106 13.0179390546355
6641 1.71088435374151 13.0200667147237
3364 1.43463497453309 13.0221907594149
5324 2.87118644067805 13.0243112009751
6678 1.43147208121826 13.026428051608
598 6.05743243243263 13.0285413234554
6696 4.33558178752123 13.0306510285976
6774 4.52693602693614 13.0327571790537
6775 4.52773109243696 13.0348597867824
599 4.47147651006685 13.0369588636821
1711 0.117252931323283 13.0390544215912
6725 3.49331103678946 13.0411464722887
6622 1.00667779632721 13.0432350274947
8127 3.14666666666657 13.0453200988706
38 4.02995008319467 13.0474016980194
8123 5.45847176079712 13.0494798364864
7054 3.16749585406299 13.0515545257594
6798 4.64735099337737 13.0536257772689
6073 3.38016528925611 13.055693602389
7018 5.05775577557732 13.057758012437
3350 3.38056013179586 13.0598190186748
4802 1.28782894736844 13.0618766323081
5196 1.2873563218391 13.0639308644878
3763 1.43770491803277 13.0659817263096
3636 2.10965630114571 13.0680292288149
2943 2.64379084967319 13.0700733829908
1672 5.55464926590519 13.0721141997707
6625 5.55537459283382 13.0741516900343
3087 3.96910569105677 13.0761858646086
6743 3.15584415584402 13.0782167342673
6752 5.83954619124801 13.0802443097321
824 5.12621359223283 13.0822686016725
5117 5.05654281098532 13.0842896207061
6807 3.74032258064506 13.0863073773993
1004 6.09822866344608 13.0883218822673
5398 4.90675241157564 13.0903331457744
470 3.6982343499199 13.0923411783347
6617 4.75320512820528 13.0943459903122
4588 5.51999999999965 13.0963475920209
5376 1.08785942492012 13.0983459937255
7463 1.32535885167466 13.1003412056416
2438 0.122611464968153 13.1023332379357
5642 0.672496025437203 13.104322100726
3199 0.673015873015871 13.1063078040824
5063 2.87955625990485 13.1082903580269
8130 3.12341772151885 13.110269772534
1022 3.14375987361778 13.1122460575306
4169 0.115141955835962 13.1142192228969
6704 1.38897637795278 13.1161892784663
6593 1.38836477987422 13.1181562340256
5792 4.62323390894834 13.1201200993156
4830 1.69435736677113 13.1220808840314
6735 6.1643192488264 13.1240385978223
6677 5.76093750000024 13.1259932502926
1485 1.09984399375974 13.1279448510012
3041 6.16822429906522 13.1298934094629
2836 5.37947122861572 13.1318389351474
4833 5.29658385093197 13.1337814374808
5312 5.34573643410888 13.1357209258451
1350 1.05108359133128 13.1376574095787
6145 5.83307573415789 13.1395908979765
6976 4.37808641975297 13.1415214002907
2759 1.63636363636366 13.1434489257305
4293 1.63692307692304 13.1453734834625
6707 3.67588325652823 13.1472950826111
3089 4.85276073619616 13.1492137322587
4654 5.23277182235806 13.1511294414459
625 1.51834862385318 13.1530422191719
6785 1.50534351145039 13.1549520743945
939 4.21189024390237 13.1568590160305
6744 0.614916286149167 13.1587630529562
8144 3.81458966565358 13.1606641940071
6620 1.948406676783 13.1625624479785
6726 3.49545454545446 13.164457823626
6787 2.17397881996976 13.166350329665
1385 0.835347432024176 13.1682399747717
3501 0.835595776772245 13.1701267675827
6727 3.49096385542151 13.1720107166959
3658 5.43609022556411 13.1738918306702
6651 5.43543543543561 13.1757701180259
5100 2.87406296851584 13.1776455872449
1369 3.82035928143709 13.1795182467712
6784 3.46188340807187 13.1813881050107
4690 4.84925373134303 13.1832551703317
883 0.129657228017884 13.185119451065
6800 5.12351190476186 13.1869809555043
6628 4.93164933135214 13.1888396919063
6723 3.35014836795269 13.1906956684908
4147 2.8666666666666 13.1925488934411
6128 3.35059171597642 13.1943993749041
4993 0.607090103397339 13.1962471209907
476 4.22123893805328 13.1980921397759
6647 4.28718703976435 13.1999344392988
5835 1.36029411764705 13.2017740275631
164 0.706314243759182 13.2036109125373
6653 0.994134897360703 13.2054451021547
3648 0.705710102489028 13.2072766043139
6612 2.21783625730999 13.2091054268786
1387 4.99270072992698 13.2109315776782
6803 4.99271137026254 13.2127550645078
2418 1.08151382823873 13.2145758951283
984 0.941860465116281 13.2163940772671
4245 1.01306240928881 13.2182096186175
3680 2.27536231884051 13.2200225268395
6138 3.81620839363252 13.22183280956
2933 5.12716763005815 13.2236404743725
4041 3.73448773448758 13.2254455288378
5417 2.87031700288175 13.2272479804839
3437 5.84748201438874 13.2290478368064
541 0.94971264367815 13.2308451052684
4927 4.62840746054508 13.2326397933011
6766 0.277936962750716 13.2344319083034
2263 4.24177396280396 13.2362214576427
7016 0.611428571428575 13.2380084486547
6953 1.51355206847358 13.2397928886436
2777 2.87464387464391 13.2415747848827
4363 1.43669985775246 13.2433541446137
5799 1.97443181818186 13.245130975048
6780 1.97446808510631 13.2469052833657
5134 3.1487252124647 13.248677076717
6826 4.49929278642152 13.2504463622211
6369 2.69491525423736 13.2522131469676
533 1.08603667136812 13.2539774380156
6827 3.97464788732425 13.2557392423946
6797 0.338959212376934 13.2574985671045
4608 0.287921348314607 13.2592554191154
6712 2.16830294530155 13.2610098053683
7147 5.38235294117645 13.2627617327749
6825 4.49790209790226 13.2645112082179
6763 5.69972067039057 13.2662582385512
6811 0.940027894002774 13.2680028305999
4340 1.79526462395541 13.2697449911607
8159 2.87204450625881 13.2714847270017
438 3.21111111111129 13.273222044863
2950 1.79472954230236 13.2749569514566
5195 1.3268698060942 13.2766894534664
5128 5.1936376210235 13.2784195575489
2846 5.05939226519311 13.2801472703325
1398 5.19448275862046 13.2818725984187
6634 4.22865013774094 13.2835955483814
3881 0.618982118294359 13.2853161267673
1116 5.87912087912147 13.2870343400963
6741 0.617283950617283 13.2887501948612
6764 4.68904109589034 13.2904636975285
5169 5.35294117647063 13.2921748545376
2623 3.40710382513646 13.293883672302
6820 3.40654843110489 13.2955901572087
6721 1.09809264305177 13.2972943156185
3424 3.15374149659858 13.2989961538665
3100 0.811141304347831 13.3006956782615
5874 1.51967435549529 13.3023928950871
2678 1.04336043360432 13.304087810601
2866 2.07442489851156 13.3057804310357
1000 1.0081081081081 13.3074707625982
5946 5.58029689608604 13.3091588114705
4279 1.08894878706199 13.3108445838096
6698 5.87752355316255 13.3125280857476
5722 0.614247311827957 13.3142093233918
3785 0.608053691275162 13.3158883028249
339 5.58042895442381 13.3175650301051
6648 3.80589022757702 13.3192395112664
6948 4.44385026737967 13.3209117523185
6977 4.44325767690244 13.3225817592469
5107 3.12666666666659 13.3242495380133
2215 5.05858854860213 13.3259150945556
5899 4.03723404255314 13.3275784347877
6618 1.50464807436919 13.3292395646003
3790 4.5490716180371 13.3308984898603
6720 4.54966887417216 13.3325552164117
6804 0.465608465608469 13.3342097500748
2791 3.14134742404237 13.3358620966472
2322 3.57519788918224 13.3375122619034
6799 3.57575757575743 13.3391602515949
243 0.782894736842095 13.3408060714509
6689 5.12746386333809 13.3424497271775
4680 2.17716535433068 13.3440912244587
3664 2.1625163826999 13.345730568956
6614 2.17931937172777 13.3473677663086
1294 1.26535947712418 13.3490028221336
6814 5.48825065274112 13.3506357420261
6732 1.26597131681878 13.3522665315595
6692 1.86979166666663 13.353895196285
6591 2.15864759427835 13.3555217417325
6745 4.90519480519446 13.3571461734101
3797 3.16342412451361 13.3587684968046
2492 3.18393782383421 13.3603887173814
5787 4.60672703751623 13.3620068405847
608 5.38372093023243 13.3636228718376
1786 2.09677419354837 13.3652368165421
6170 1.52190721649484 13.3668486800794
2220 2.19819819819814 13.36845846781
5461 4.82519280205662 13.3700661850734
3960 3.15789473684224 13.3716718371888
4309 5.12948717948716 13.3732754294549
1770 6.07042253521166 13.37487696715
6370 3.12020460358069 13.376476455532
2216 4.21839080459794 13.3780738998389
3798 0.613520408163266 13.3796693052884
4332 1.94904458598726 13.3812626770784
3001 5.08651399491142 13.3828540203869
5099 5.08640406607367 13.3844433403722
1564 6.06598984771587 13.3860306421728
6805 5.38022813688183 13.3876159309077
6702 0.520253164556964 13.3891992116767
7478 0.50442477876106 13.39078048956
3736 2.4734848484849 13.3923597696184
1517 3.32660781841094 13.393937056894
6608 3.32619647355152 13.3955123564093
3347 0.505660377358491 13.3970856731683
4640 3.74120603015069 13.3986570121559
3888 1.6988707653701 13.4002263783382
6251 1.10150375939848 13.4017937766627
6684 2.0225281602003 13.4033592120582
5736 0.619999999999992 13.4049226894353
4942 1.5143570536829 13.4064842136859
4461 1.02493765586034 13.4080437896835
8126 3.1282689912827 13.4096014222839
3951 1.48383084577117 13.4111571163241
404 1.08695652173915 13.4127108766236
6729 1.52357320099257 13.4142627079837
3097 2.49070631970258 13.4158126151878
4378 2.18069306930683 13.4173606030018
7148 0.174289245982695 13.4189066761735
2998 5.85555555555592 13.4204508394335
4595 1.09001233045622 13.4219930974947
8122 5.45935960591144 13.4235334550525
425 1.86838868388682 13.4250719167852
4537 3.14496314496303 13.4266084873536
2212 0.784049079754598 13.4281431714015
3046 2.76470588235307 13.4296759735555
4900 0.408812729498165 13.4312068984254
82 4.63202933985333 13.4327359506038
4285 5.37851037851036 13.4342631346667
4842 0.514634146341464 13.4357884551733
6633 4.83191230207075 13.4373119166659
6609 2.68004866180058 13.4388335236706
4840 3.13608748481182 13.4403532806967
891 5.16504854368958 13.4418711922372
6705 5.16484848484794 13.4433872627688
6791 4.32808716707026 13.4449014967516
8158 2.87666263603376 13.44641389863
6626 2.16908212560384 13.447924472832
6697 5.87816646562141 13.4494332237695
1272 2.28433734939752 13.4509401558387
4274 5.48856799037328 13.4524452734197
2787 1.01201923076925 13.4539485808769
6659 5.29891956782712 13.455450082559
8129 3.14268585131893 13.4569497827988
3429 0.610778443113771 13.458447685914
4746 2.27631578947373 13.4599437962063
6753 5.84229390680956 13.4614381179622
3176 0.404534606205253 13.462930655453
6793 0.733015494636472 13.4644214129344
