3658 5366
3060 5945
6146 6589
6569 6737
842 5259
6783 7147
975 1794
2440 4927
6610 6666
1156 1882
4498 6646
3030 3617
5038 6737
1306 6769
4379 6577
2250 5037
615 6178
3062 5037
1305 6663
6590 6666
615 6571
3437 6178
1973 3172
615 6653
4050 5200
4100 6654
4001 5037
3030 4827
3030 6772
4507 6786
3630 6174
2787 5037
3664 6556
975 3869
49 840
7020 6786
3738 3030
2682 5414
5200 6573
3272 6666
2759 6617
6623 6738
4245 5037
2635 6613
3738 6610
2911 3172
49 284
2435 6583
92 6578
3738 2435
3192 6569
395 1053
3639 6670
3704 6685
2638 6601
6308 6983
5259 6178
3030 5491
6006 6636
3021 4104
2461 4169
1059 2418
3001 5372
6623 6630
6449 6569
4245 4705
2215 3050
250 6571
3803 6556
6178 6577
5037 5938
5175 6607
540 6737
90 5334
5601 4444
55 6646
6652 2897
6178 6624
3472 6569
5376 6600
5477 6176
6828 477
3738 3298
6561 6767
6653 6657
831 4616
4173 6178
4077 5922
270 3704
2031 4640
842 6632
1897 4484
615 6573
1957 6610
842 2682
2923 6648
48 3346
87 2682
3062 5729
3738 7455
2934 6592
98 6927
840 6683
3738 6308
3989 6662
1731 5027
6781 615
3639 5200
6232 6646
1348 4001
1297 2366
4897 6737
6758 6784
4241 6178
1067 5259
3738 4952
1892 6569
3191 3214
3869 6178
3021 3664
1156 5398
1044 5037
5037 5414
6982 5259
4760 6805
3927 6781
1508 3783
1423 6815
6449 6610
5259 6580
5037 6657
4001 6636
3109 6767
6178 6580
6424 6604
1305 6810
6372 6762
5900 6797
3425 6721
1957 3403
1418 6569
3785 2387
3725 5854
55 4001
3704 6555
2923 5037
3752 4015
3617 5673
319 3172
4394 5601
364 4445
6569 6748
3739 6569
3747 6750
2706 3403
49 6636
113 3848
72 3869
3636 3704
3582 6575
6063 6613
2401 5037
4279 5784
2787 3172
1067 7017
395 370
1205 6178
917 4867
4875 6584
3172 3803
615 975
6610 6674
6638 6937
3738 6449
5533 6449
58 270
3030 5660
1794 6925
6604 6972
2461 3778
5037 6578
264 5845
6645 7147
587 6600
2165 270
2461 5156
665 5601
72 2923
4001 5702
5623 6640
5261 6610
3639 6712
1403 6750
3413 6574
49 3869
4270 5274
4379 4760
1059 7029
370 6713
90 5259
7020 4507
49 92
6769 6770
5037 5107
6569 6742
840 5037
284 3651
2822 4161
3617 5729
2440 6632
2161 6449
6582 6761
3639 3651
5156 6779
660 6170
4445 6572
979 6584
2031 6808
72 6030
7030 615
4245 6146
6557 6561
760 2923
6671 6672
6569 6666
4731 6672
2881 5037
419 6571
3803 6575
1156 1464
158 6555
6714 4484
4001 5184
370 3752
6569 6709
55 6590
6627 6771
5343 6588
2579 4444
3328 6449
1957 3704
3019 3859
3869 6573
245 370
3738 6637
1960 6449
410 6449
2004 6569
3651 5037
1059 6615
1685 2822
72 319
3021 1957
1156 6972
1156 5016
364 4481
245 3783
2250 4001
6449 6609
2366 6648
55 6569
534 2682
55 6655
1517 6569
3172 4427
3060 6598
5156 3983
3639 5417
3060 5037
72 2682
5037 5945
975 4900
5037 5339
3009 6582
2402 7017
6686 6689
4001 5339
2366 6600
6560 6734
6178 6751
3738 2589
4595 5037
1957 5229
2371 6654
1156 6557
6569 6741
5037 6975
2575 3617
3738 55
6809 3783
5175 6605
1812 6636
72 1794
5461 6643
4001 6108
6600 6178
3302 4484
5854 6555
55 3060
3009 5259
5037 6589
1200 4427
6610 6680
5259 6583
3630 6702
3752 3664
6491 6583
840 6563
370 6556
6732 1294
4386 5037
2663 5660
1059 6975
6605 6607
445 6642
2558 4380
2019 2934
90 3154
4484 6573
2682 6030
5468 6006
2461 6778
1852 6006
49 842
8136 4500
6589 6657
6592 6593
4394 6979
3062 6658
1200 6555
28 6808
6590 6782
6794 6795
4484 4746
1234 1577
3292 7017
1156 5601
1044 6559
990 3009
6600 6657
842 2440
5037 6646
92 4241
2366 6308
6659 6768
712 1553
3738 6804
3738 6573
939 6675
5901 6925
3394 6569
55 5037
250 5229
3803 5037
1941 5259
5702 6679
1156 6030
2635 5929
5037 6557
1794 6583
1957 6712
6577 6834
1957 6601
3172 6084
68 1067
2366 6656
615 5200
1960 2366
885 6562
6623 6972
4379 6664
712 6953
1821 6128
28 6562
6587 6636
2002 5037
6557 6562
5788 6970
4001 5673
1403 4559
3050 6710
1156 6595
4001 5414
3009 3651
3060 6653
6070 6734
90 7029
3752 7013
6830 6569
3403 6684
49 7017
395 6569
1503 2215
5391 2682
1059 6657
395 2418
1794 6579
4001 6679
72 6595
4408 6569
395 270
3172 3272
5632 4484
2682 5259
364 4050
3608 6601
6982 6178
6652 6656
49 2402
250 6580
2366 3734
6598 6631
4001 6701
4086 6666
6593 6704
4001 5639
6146 6584
2745 5477
6623 6070
399 5648
975 2682
6176 6637
215 6654
2215 2844
5259 6581
3356 587
3302 5229
3092 6555
72 2408
6176 4444
2435 5901
6709 4484
5212 6178
3403 2418
2523 4542
49 6178
3738 5414
5825 6178
6449 6669
3062 6700
891 6970
1882 3062
8154 6352
1348 6622
3109 6559
6084 6555
6233 6710
6178 6259
975 990
1036 5156
6006 6587
1060 5037
5229 4015
4001 6655
2195 6569
1348 5037
587 3803
4830 5790
6559 6623
4760 6577
1812 6449
5461 6644
3639 5197
89 6982
4703 5037
49 4173
3328 6604
3060 6658
1887 2934
4445 6571
4067 6665
6757 6758
5016 6598
2293 6613
5037 6585
3062 4731
2972 6623
5845 6978
55 4772
3738 6571
3060 4595
264 6730
3752 5142
1748 3651
6598 6672
5448 6569
3062 6672
1205 5156
3042 3060
6624 6633
587 4245
55 6582
6604 6668
5216 6683
1887 6510
1156 6603
6563 6646
3403 3704
4379 5169
1887 6639
6140 6716
5259 6575
2897 5037
5037 6722
2440 6642
3328 6609
395 6584
4731 6671
6610 6611
4985 5605
2682 6600
4572 6617
652 4198
5808 6555
5656 6170
3260 3848
3172 5854
514 6610
1369 5901
6569 6740
3593 6557
2461 5945
3545 6592
4897 5038
1000 5037
319 3009
5334 6564
419 5200
221 511
1369 4394
6563 6578
3520 3522
3651 6595
1156 3062
1564 6580
4380 4952
1887 2019
264 4001
4325 4484
3752 6615
72 6178
3842 6638
6569 6747
3170 6610
4722 6146
4654 6828
87 90
6094 6646
6449 6611
72 6782
72 6575
2250 6600
445 2440
3060 4001
370 7013
3170 3803
3060 6655
2418 6589
5229 1397
6600 270
3172 3704
3738 5601
3175 5520
284 6662
4161 72
419 5229
72 2546
3680 6615
1880 3062
6669 6823
2682 6178
3060 6584
1423 2523
6646 6649
3151 6817
5414 6178
410 4067
1397 6084
1892 3738
6561 6768
6825 6826
1156 1243
1205 6574
6449 6632
3302 5494
6631 6772
5847 6569
2461 6178
1685 6582
1748 4103
4445 370
6598 6674
6178 6575
4310 6569
49 72
72 4285
3738 3752
7350 3491
5702 5923
3030 6623
1423 5156
3842 4394
774 5016
3042 5702
51 6569
5648 6623
2699 4327
6424 6449
1957 6684
3366 3639
3651 5259
1156 6600
3790 4001
6556 6611
1423 2461
8136 5746
6574 6600
3664 3738
1156 6582
6610 6652
6030 6449
2747 6571
3778 6715
2575 4380
2098 6822
4664 4772
8157 2195
3738 6797
5229 3704
5648 6562
1148 6666
2682 4173
72 5259
3738 8128
5729 6598
1156 6596
6654 6950
1059 4880
4353 5689
1696 5037
4484 6610
3065 6797
6616 6976
3097 4484
7159 4487
5261 6611
1091 6601
3639 6449
1156 1880
1464 6596
5229 6571
72 6655
51 2250
1397 6611
3738 3869
1139 1464
6574 6579
2682 6579
615 5414
6658 6700
4380 6639
514 4927
1852 5037
4067 6582
98 599
514 2440
284 3060
4538 6676
3172 6801
3060 4542
4664 6604
3704 6684
1386 6559
68 3260
5037 6709
3526 6569
512 4198
72 5901
5037 6636
3658 4067
240 2759
1000 2759
975 3759
3738 5264
370 270
2897 6646
1000 4293
5702 6449
72 6582
712 2699
4445 6555
1957 6674
6774 6970
5107 6569
3803 6555
3121 3664
3272 3859
5499 6569
6146 6970
3060 4078
1748 2546
410 409
831 5319
3683 3899
1464 6978
6738 6595
1957 5830
5200 6580
885 6557
1139 6703
3275 3651
3797 6569
55 2401
4654 477
3869 6571
250 7013
4015 6680
3803 5229
72 6763
93 5037
630 2934
975 5037
3060 3062
3356 5037
2366 6970
613 3869
6658 6671
6579 5259
1387 6561
2165 6682
48 6711
1973 6555
6613 6676
3176 3177
72 6653
2250 6980
3403 6580
5845 6596
1887 4103
723 4579
3626 6178
6718 6719
3065 6781
4077 6771
3980 3491
103 1957
250 3752
6652 5037
5200 6449
1387 6559
6555 6556
92 4900
6146 6681
5229 6369
1036 6972
1794 2435
5037 6666
5037 6604
72 1156
514 842
6178 6590
55 6636
3009 6575
653 6632
6585 6970
1748 6677
7440 3491
1696 4001
3721 5037
72 2822
2359 3030
3639 4723
4001 6980
2418 6600
2947 6268
6556 6570
5312 3121
204 1979
6561 7147
1156 4394
49 5259
2706 3060
1036 6424
2250 5259
5229 6615
2056 6301
6178 990
1297 6577
4897 6449
87 92
6578 6656
6642 1784
883 2461
6688 6800
49 1205
5376 270
1156 3763
3060 6622
2165 6589
4341 6178
72 3272
5477 6661
4481 6642
4076 5901
6604 6633
5901 6178
102 4340
3060 6970
6449 6601
5259 6577
51 90
2923 2897
4086 6699
362 370
1973 6779
3172 6678
6146 6653
4952 5601
6030 6178
49 6583
49 615
271 6006
284 6178
3651 5901
1156 2663
3651 6259
2056 3658
6559 6767
544 6569
6575 6642
3170 6611
1957 7013
5037 6600
2418 5037
3060 6656
3725 5691
3738 6369
6582 6706
6561 6660
712 4327
2947 4086
5851 6683
1553 4699
72 4103
264 3062
2934 6639
5037 6094
158 1957
6558 6562
362 6646
1157 2366
68 2359
3738 1313
4899 5000
4707 6731
2502 6178
6610 6699
6259 6653
3060 6600
6555 6611
6084 6611
4722 6572
284 6595
90 6178
72 6590
3803 4379
4050 6571
4198 6604
2682 6610
883 1423
1957 3752
92 6766
3062 6598
6575 6583
884 6569
4586 6178
2031 6562
6584 6585
6596 6635
3848 6178
370 5494
2947 6666
6259 6763
975 7151
6577 6797
5274 6702
72 3651
3664 6555
477 6748
2972 6562
6623 399
6982 6574
1960 3089
4498 5037
4731 6658
3060 6979
5229 6680
395 4265
652 2206
1205 1423
905 2056
6574 6178
270 4464
3042 5037
6369 653
319 3651
6176 8157
1957 2706
979 3639
6636 6655
519 4333
1059 270
712 4243
1059 5376
2165 6569
3651 6971
4484 6601
4664 5656
5037 6598
5929 6613
2638 6600
6146 6600
3747 6176
3272 6601
6623 5343
6424 6623
1156 2124
3651 6763
72 6583
4285 5461
395 1059
3060 5702
2638 5200
4427 6555
3260 4664
6178 6636
6006 6654
2019 3545
6598 6671
6555 6569
3060 2250
477 6782
72 6679
395 3734
5037 6681
1139 6675
68 5784
2703 6557
5229 6569
2366 5210
4401 4484
5312 6613
1041 3736
630 6634
49 6574
1389 4484
3881 6569
7013 3704
3651 4770
6975 5259
49 2682
5477 8157
5037 6629
2124 5414
58 250
5468 6654
1306 7018
4173 6579
5753 6569
5037 5197
2663 6764
3683 5383
3752 6369
6600 5259
1397 3752
6659 6660
6449 6667
2623 6820
6781 3869
1685 6677
380 6622
2926 6623
5037 6721
587 5037
3389 3778
6596 6978
6652 6666
6449 6604
3272 6680
4941 5259
319 6590
19 2124
6679 55
975 6574
1957 4340
1200 158
3746 3403
49 3021
3054 6006
5037 6622
652 2056
319 6178
476 4380
87 6178
5601 6259
5142 5229
990 2408
3651 6178
48 270
3275 6610
5702 6655
5142 6569
6572 6642
2682 6739
364 6571
7147 6734
1000 4001
587 6598
2440 3272
8135 6629
6555 6735
1384 1595
1403 5477
2293 5929
158 3704
6600 6646
6646 6666
6664 6664
3869 5200
92 239
2461 2682
3170 6555
395 5037
1794 5825
6251 6831
1200 6556
6559 6561
2366 6662
842 6178
3752 6611
364 5200
1794 6178
6555 270
774 6970
6948 6977
6178 6610
2461 6815
6146 6586
6598 6670
4664 6449
1957 6555
2934 6703
3009 3639
6561 1044
2822 4279
6578 6610
6178 6581
6178 2408
2418 3175
6574 5259
2699 4243
5929 6063
5691 6595
2366 6598
3738 6781
5414 4484
3738 6259
840 2250
2031 6178
72 2056
2322 6799
2943 4484
3170 5229
2461 7031
975 2408
2958 6580
3054 4484
3154 3639
4380 5601
3738 4444
284 2250
4380 4394
370 6601
5037 6649
380 3060
6660 7097
5691 6555
72 840
3272 6699
6582 6636
2056 4077
1059 6268
6610 6632
55 380
2003 6569
1812 6679
4032 6569
5656 6557
3752 6680
3678 6796
4559 5027
3747 5477
6580 6662
5149 6734
2366 5037
2579 6637
72 1205
1306 7019
4444 6637
1979 6638
370 5142
3752 158
2288 5037
72 3009
3651 6582
1957 3777
3089 6449
3869 6653
6178 6739
3734 6584
6686 6688
4214 6569
4223 5037
5901 6653
4001 5107
370 6117
6555 7013
5210 6308
2165 1059
3030 6559
514 6449
3030 6170
5210 6600
1397 6555
615 3738
3260 6178
3783 4137
2682 6709
6561 6645
68 7017
5461 6645
264 5037
3725 6610
6557 6559
92 1564
92 1941
2682 3651
3172 6555
4001 6642
4900 6557
4481 6570
364 6573
1205 6778
72 990
113 1794
5090 7147
2579 3927
2682 3626
6975 6178
840 3060
370 5312
1386 6561
5922 6449
1044 6558
3060 6636
6623 6734
1156 1892
1957 3172
4285 6565
2215 2846
72 5037
158 6611
4445 5494
72 1685
2926 3030
975 6178
158 270
6579 6178
370 3403
2216 3783
3060 6646
6449 6972
5533 409
1696 3842
3493 6569
3752 3170
6578 6760
615 3869
2812 6634
3366 6686
1527 5945
3060 6652
5874 6569
1960 4664
72 4001
1685 3009
1205 2682
270 6684
2031 5784
840 4001
3803 6705
6178 4444
4198 6308
975 5259
665 3738
4161 6737
5090 6783
1348 3060
8086 2195
1156 5923
2366 6972
2589 6822
2366 6178
1960 3734
264 5601
3062 5210
1297 4760
2366 6657
5945 6600
1812 6343
1892 6178
6654 6674
1595 3797
2366 5016
2366 2638
4664 6972
6970 6984
6178 6648
6146 6760
55 72
2440 6802
3704 5031
5229 3664
2638 2947
1794 3651
6598 6673
6569 6743
3172 5691
2703 6559
4579 6736
6623 6631
6610 6656
5142 6555
1156 3272
2366 6424
3060 4772
1892 6979
1748 2056
5417 6569
1553 2699
3738 6178
6575 6980
1156 2638
3738 6596
1748 6178
749 5175
3389 4001
1156 6424
6611 6680
51 4001
1423 6778
48 3680
3888 6174
4445 5414
652 6668
49 1685
6834 6982
5259 5414
1748 6971
3058 5851
3054 6654
6569 6584
5200 6571
4484 5037
2682 3413
4076 6557
2440 6449
4664 6424
3021 3121
1957 6571
1123 5037
5037 5184
82 3859
7030 3869
410 3042
4445 6556
1960 6972
2897 4001
1685 6980
220 3292
250 3704
2193 2366
1960 6424
4265 4333
2288 4001
6308 6597
1957 5851
72 615
6660 6768
6558 6654
3983 4169
2479 6569
6600 6654
6582 6604
438 6792
3403 6685
887 6569
3060 6595
3593 6561
4258 4487
3042 6610
72 6301
3725 6555
3154 5808
101 370
370 1284
6178 6583
6082 6508
3869 5414
2401 5339
221 4198
5037 5702
204 6937
1957 5031
511 4198
4333 5343
5037 6653
6636 6654
5854 1397
4941 6178
899 4880
6663 6810
2682 6982
370 5376
92 4608
6577 3617
3738 4537
1397 5031
3734 6588
3738 5494
1387 5037
49 6706
1200 4680
3738 6570
1386 2703
2366 3272
5343 6070
6563 6652
5031 270
2366 2923
1059 6600
3060 6654
6308 6790
1957 2958
82 3272
6308 6449
1059 6170
1812 6670
6630 6631
6575 6716
5784 6629
3778 4001
270 3403
6656 6666
1892 4842
975 5414
652 6669
2461 3651
4050 6569
4067 5533
6663 6675
49 1859
1403 2745
3752 5229
5656 6178
1685 6178
2361 3852
3030 5662
3065 3738
975 1205
5229 7013
1503 3050
3914 6650
1957 6573
72 477
3842 6259
5037 5259
6582 6595
6574 6610
3175 4386
6178 6637
1957 4742
1882 6696
1059 3403
5259 6582
1044 4722
5901 6583
2682 6583
1397 3403
3639 5468
92 3651
1479 6616
3175 5036
5656 6307
6569 6745
72 284
5601 6637
2206 6449
6569 6746
3778 5037
3062 6671
3389 5037
1 1770
2991 370
49 5703
3060 5339
5142 6570
270 1957
1973 6577
4001 6600
6558 6623
2366 6146
3176 6580
6562 6623
364 6709
