5037 3.14159265358979 5.89041577711024
6178 1e-08 6.66057931106574
6569 1.59000001 7.11109609785259
72 6.23000000999991 7.43074284502123
3738 5.19000000999993 7.67868012425924
3060 3.26000000999997 7.88125963180808
4001 3.25984251968503 8.05253816494948
6449 4.87401574803149 8.20090637897673
1957 1.14173228346457 8.33177641859493
5259 6.15748031496062 8.44884365821474
1156 4.7007874015748 8.55474385799732
6555 1.13385826771653 8.65142316576358
2682 6.14173228346456 8.74035950762306
2366 2.6771653543307 8.82270169890498
6610 0.8503937007874 8.89936044500159
6600 3.08661417322834 8.97106991293222
49 6.16535433070865 9.03843060383937
3651 0.181102362204724 9.10193995255043
370 1.95275590551181 9.16201464285073
5229 1.01574803149606 9.21900719217023
4484 2.28346456692913 9.27321848569182
6623 4.21259842519684 9.32490739195282
3752 0.999999999999998 9.37429823925374
270 1.9763779527559 9.42158669971907
3172 1.21259842519685 9.46694447140824
975 6.01574803149605 9.51052304157856
55 3.32283464566929 9.55245673933728
3062 2.89763779527559 9.59286523286047
3869 5.90551181102361 9.63185558820633
1059 2.04724409448819 9.66952397895708
6598 2.96062992125984 9.70595711542707
3639 5.61417322834645 9.74123344688772
3704 1.11811023622047 9.77542417873967
615 5.89763779527558 9.80859413779487
6582 0.062992125984252 9.84080251209848
3030 4.2755905511811 9.87210348650592
3403 2.04724409448819 9.90254679115938
6646 3.05511811023622 9.93217817680623
5414 5.96850393700786 9.96103982836541
6571 5.8267716535433 9.98917072612573
6636 3.43307086614173 10.0166069623373
2461 0.52755905511811 10.0433820196473
6654 3.44094488188976 10.0695270167698
92 0.700787401574802 10.0950709259083
6557 4.4015748031496 10.1200407657439
6611 0.921259842519684 10.1444617732092
6146 2.65354330708661 10.1683575567881
6561 4.4015748031496 10.1917502336746
5200 5.85039370078739 10.2146605527887
6666 2.49606299212598 10.2371080053637
3272 2.44881889763779 10.2591109245817
3803 1.25984251968504 10.2806865755341
5601 5.18110236220472 10.3018512366126
6559 4.39370078740157 10.3226202732928
6575 6.27559055118109 10.3430082051463
6604 4.84251968503936 10.363028766816
395 1.9763779527559 10.3826949635931
1794 6.2283464566929 10.4020191221618
6574 6.08661417322834 10.4210129370055
6583 6.2283464566929 10.4396875129126
6970 2.65354330708661 10.4580534039695
5901 0.15748031496063 10.4761206493826
6653 5.91338582677164 10.4938988064342
2250 3.18897637795275 10.5113969808432
6577 5.49606299212598 10.5286238547721
3009 0.062992125984252 10.5455877126952
6580 5.74015748031495 10.5622964653224
2440 2.43307086614173 10.5787576717504
1205 6.05511811023621 10.5949785599961
6595 0.220472440944882 10.610966046054
6584 1.8267716535433 10.6267267516006
6972 4.86614173228346 10.6422670204614
4445 5.81889763779527 10.6575929339418
284 0.21259842519685 10.6727103251149
1397 0.968503937007873 10.6876247921506
6562 4.21259842519684 10.7023417107617
5702 3.2755905511811 10.7168662458366
6424 4.84251968503936 10.7312033623209
4664 4.85826771653543 10.7453578354069
6556 1.25984251968504 10.7593342600812
6308 5.11023622047243 10.7731370600796
6601 2.37795275590551 10.7867704962927
1685 0.0551181102362205 10.800238674662
840 3.18897637795275 10.8135455536028
1960 4.86614173228346 10.8266949509884
1748 0.291338582677165 10.8396905507253
158 1.1259842519685 10.8525359089487
2056 0.291338582677165 10.8652344598638
6642 2.4251968503937 10.8777895212571
4380 4.60629921259842 10.8902042996994
6006 3.44094488188976 10.9024818954623
6573 5.86614173228346 10.9146253071647
1423 0.52755905511811 10.9266374361694
6259 5.22047244094487 10.9385210907436
3664 1.02362204724409 10.9502789899997
6652 2.49606299212598 10.9619137676301
90 0.377952755905511 10.9734279754473
2418 2.04724409448819 10.9848240867442
842 6.15748031496062 10.996104499482
7013 1.07086614173228 11.0072715393192
364 5.8267716535433 11.0183274624894
250 1.06299212598425 11.0292744585372
6579 6.11023622047243 11.040114652921
5142 0.999999999999998 11.0508501094895
2638 2.37795275590551 11.0614828328408
3170 0.929133858267715 11.0720147705681
6637 5.18110236220472 11.0824478154013
6655 3.28346456692913 11.0927838072483
1892 4.69291338582676 11.1030245351426
4198 5.1023622047244 11.1131717391018
6613 3.87401574803149 11.1232271119017
6982 6.08661417322834 11.1331923007715
6656 2.49606299212598 11.1430689090128
4394 4.60629921259842 11.1528584975486
4444 5.18110236220472 11.1625625864027
319 0.094488188976378 11.1721826561173
2934 3.77165354330708 11.1817201491078
6680 0.905511811023621 11.191176470961
2923 2.70866141732283 11.2005529916786
264 2.89763779527559 11.2098510468681
6590 0.094488188976378 11.2190719388844
6578 0.700787401574802 11.228216937925
5477 3.99212598425196 11.2372872830796
6596 4.72440944881889 11.2462841833381
587 2.96850393700787 11.2552088185572
5156 0.52755905511811 11.2640623403897
6657 3.09448818897637 11.2728458731753
2165 2.0078125 11.2815605147987
712 4.06201550387598 11.2902073375121
3021 1.03846153846154 11.2987873887276
990 0.0229007633587786 11.3073016917782
477 0.431818181818181 11.3157512466507
7147 4.43609022556387 11.32413703069
6679 3.32089552238807 11.3324599992779
1887 3.77037037037039 11.3407210864863
6176 5.16176470588241 11.3489212057059
2031 4.18248175182481 11.3570612502526
4067 0.340579710144927 11.3651420939516
6632 0.841726618705034 11.3731645916999
5656 4.47142857142856 11.3811295800095
6737 1.5886524822695 11.3890378775304
3617 5.49295774647898 11.3968902855561
68 3.93006993006997 11.4046875885101
2897 3.04861111111113 11.4124305544169
6030 6.19999999999988 11.4201199353553
1200 1.17123287671233 11.4277564678973
514 0.816326530612246 11.4353408735311
3783 3.67567567567564 11.4428738590704
1812 3.40268456375842 11.4503561170496
3778 3.14666666666669 11.4577883261061
3042 3.23178807947017 11.465171151349
6671 2.92763157894739 11.4725052447172
6734 4.43790849673201 11.4797912453241
4379 5.50649350649354 11.4870297797921
652 5.09032258064518 11.4942214625761
1044 4.38461538461537 11.5013668962764
6589 2.01273885350318 11.5084666719417
5945 3.11392405063292 11.5155213693624
6781 5.89937106918239 11.5225315573549
6709 2.28125000000002 11.5294977940367
3734 1.82608695652173 11.536420627093
7017 3.93209876543211 11.5433005940351
6658 2.92638036809815 11.5501382224511
6615 1.01219512195122 11.5569340302482
410 0.339393939393939 11.5636885258887
6570 1.27710843373494 11.5704022086175
1348 3.251497005988 11.5770755686844
5343 4.23214285714286 11.5837090875583
2215 5.3905325443787 11.5903032381359
2947 2.39411764705882 11.5968584849439
1000 3.1637426900585 11.6033752843354
1464 4.72674418604646 11.6098540846807
4731 2.92485549132947 11.6162953265522
6662 5.74137931034473 11.6226994429042
5339 3.21714285714288 11.6290668592475
4760 5.50568181818191 11.6353979938193
6672 2.92090395480224 11.6416932577478
6369 0.988764044943822 11.6479530552126
6975 2.08379888268158 11.6541777836
5461 3.61666666666666 11.6603678336549
87 0.375690607734806 11.6665235896278
48 1.91208791208791 11.6726454294178
6980 0.0437158469945355 11.6787337247118
6170 4.47282608695653 11.6847888411202
6563 3.03243243243241 11.6908111383084
5691 1.20967741935484 11.6968009701249
6660 4.35828877005346 11.7027586847265
2822 0.117021276595745 11.7086846246991
6558 4.21164021164017 11.7145791271765
4173 6.11578947368406 11.7204425239552
6797 5.47643979057602 11.7262751416065
1403 3.99479166666671 11.7320773015856
3260 3.92227979274613 11.7378493203379
5210 2.87628865979381 11.7435915094028
1973 1.19487179487179 11.7493041755144
4050 5.83163265306118 11.7549876206997
5929 3.87309644670054 11.7606421423747
3725 1.2020202020202 11.7662680334375
5854 1.20100502512563 11.7718655823597
2699 4.05999999999994 11.7774350732747
5376 1.95522388059703 11.7829767860648
6084 0.965346534653466 11.7884909964449
6622 3.24630541871926 11.7939779760456
51 3.20098039215685 11.7994379924927
5494 5.8 11.8048713094863
2435 0.155339805825243 11.8102781868764
3842 4.59420289855074 11.8156588807384
2408 0.0192307692307692 11.821013643445
6674 0.861244019138759 11.8263427237378
3175 2.06666666666666 11.8316463667963
4245 2.97156398104268 11.8369248143059
6631 4.19811320754711 11.8421783045236
6684 1.10798122065727 11.8474070723429
5784 4.18224299065413 11.8526113493567
5031 1.09767441860465 11.8577913639188
5016 2.68518518518519 11.8629473412038
3658 0.327188940092166 11.8680795032663
6648 2.70642201834862 11.8731880690981
4772 3.33333333333336 11.8782732546841
2401 3.2181818181818 11.8833352730573
6978 4.7285067873303 11.8883743343522
3848 3.91891891891898 11.8933906458572
6585 2.63677130044841 11.8983844120659
2706 2.10267857142859 11.903355834727
6639 3.76888888888882 11.9083051128929
2759 3.1637168141593 11.9132324429683
2195 1.61233480176212 11.9181380187562
1036 4.82894736842111 11.9230220315041
3747 3.98689956331871 11.9278846699483
6669 5.08695652173915 11.9327261203582
6638 4.59307359307363 11.9375465665789
4722 4.37931034482765 11.9423461900728
5533 0.34763948497854 11.947125169961
5648 4.2179487179487 11.9518836830632
4086 2.39574468085105 11.9566219039371
4103 0.279661016949152 11.9613400049165
4285 3.61603375527431 11.9660381561493
3491 5.34453781512603 11.9707165256341
4015 0.903765690376566 11.9753752792564
5845 4.73333333333338 11.9800145808236
6645 4.42738589211617 11.9846345920999
3050 5.39256198347099 11.9892354728399
6070 4.23456790123454 11.993817380822
5175 1.40983606557376 11.9983804718805
8157 4.0040816326531 12.0029248999377
6664 5.51626016260152 12.0074508170351
3054 3.44534412955469 12.0119583733636
1696 4.58467741935479 12.0164477172936
3065 5.47389558232938 12.0209189954044
6675 2.188 12.0253723525127
3389 3.14741035856573 12.0298079317011
1139 2.18650793650793 12.0342258743452
1553 4.05928853754939 12.0386263201408
380 3.24409448818897 12.0430094071308
6767 4.39215686274508 12.0473752717307
6768 4.359375 12.0517240487542
6629 4.17509727626458 12.0560558714383
1386 4.4108527131783 12.0603708714676
5107 3.13127413127419 12.0646691789986
3121 1.03846153846154 12.0689509226831
2703 4.40996168582374 12.073216229691
2124 5.96946564885489 12.0774652257337
4161 0.11787072243346 12.0816980350855
6782 0.431818181818181 12.0859147806061
4077 0.30188679245283 12.0901155837616
6979 4.61654135338346 12.0943005646455
6778 0.52059925093633 12.0984698419994
4333 4.24253731343289 12.1026235332334
5468 3.44237918215607 12.1067617544456
6572 4.37777777777773 12.1108846204418
3154 5.61254612546121 12.1149922447544
2019 3.77205882352951 12.1190847396614
6763 0.183150183150183 12.1231622162046
2663 4.70437956204391 12.1272247842081
1387 4.39636363636356 12.1312725522953
6663 2.19202898550724 12.1353056279071
6670 3.40072202166069 12.1393241173184
3302 5.79856115107932 12.1433281256554
5729 2.95340501792117 12.1473177569118
5851 1.15714285714285 12.151293113965
419 5.84697508896787 12.1552542985922
1882 2.89007092198578 12.1592014114859
6592 3.78091872791522 12.1631345522694
1306 1.75000000000002 12.1670538195116
5312 3.88070175438598 12.1709593107421
4952 5.19230769230755 12.1748511224656
6686 0.62020905923345 12.1787293501765
6683 1.15625 12.1825940883724
1067 3.93079584775079 12.1864454305685
4900 6.0172413793102 12.1902834693108
2579 5.17525773195875 12.1941082961897
3328 4.83561643835606 12.1979200018528
6699 2.39931740614335 12.2017186760181
3859 2.44897959183672 12.2055044074866
4427 1.17288135593219 12.2092772841545
4481 1.27702702702702 12.2130373930259
1297 5.50168350168363 12.2167848202244
4897 4.89261744966438 12.2205196510051
4076 0.160535117056856 12.2242419697666
6758 3.71333333333339 12.2279518600616
4340 1.14617940199336 12.231649404609
6688 0.619205298013247 12.2353346853045
4241 0.693069306930695 12.2390077832318
6609 4.83552631578958 12.2426687786727
883 0.534426229508197 12.2463177511185
5027 3.56535947712417 12.2499547792796
6301 0.286644951140065 12.253579941096
245 3.6753246753247 12.2571933137475
5038 4.89320388349503 12.2607949736633
3983 0.545161290322581 12.2643849965316
5417 5.62057877813502 12.2679634573094
6588 1.82051282051281 12.2715304302319
1979 4.59105431309905 12.2750859888215
6771 0.302547770700637 12.2786302058972
2402 3.93968253968253 12.2821631535832
362 1.94620253164558 12.2856849033179
204 4.589905362776 12.2891955258628
5184 3.29874213836477 12.2926950913104
4498 3.05642633228834 12.2961836690934
6268 2.390625 12.2996613279922
2589 5.20560747663536 12.3031281361436
4595 3.17391304347822 12.3065841610485
98 1.44891640866874 12.3100294695799
6769 1.75000000000001 12.3134641279906
2359 4.27692307692301 12.3168882019211
6706 0.0736196319018405 12.3203017564066
2575 5.4892966360855 12.323704855885
6677 0.271341463414634 12.3270975642037
6605 1.41033434650456 12.3304799446273
653 0.839393939393943 12.3338520598442
4927 0.815709969788515 12.3372139719736
1305 2.19277108433737 12.340565742573
6681 2.64564564564563 12.3439074326441
3089 4.87425149700594 12.3472391026399
3626 6.13432835820881 12.3505608124714
3927 5.17261904761927 12.3538726215138
6702 1.36498516320474 12.3571745886129
4579 5.00591715976341 12.3604667720914
4265 4.24188790560468 12.3637492297552
3176 5.73529411764704 12.3670220188994
2206 5.09090909090909 12.3702851963142
4386 2.06725146198833 12.3735388182909
7030 5.90379008746372 12.376782940628
445 2.42732558139532 12.3800176186362
630 3.75942028985498 12.3832429071451
6815 0.531791907514453 12.3864588605077
5922 0.305475504322766 12.3896655326068
6808 4.18678160919534 12.3928629768597
979 1.83094555873925 12.3960512462241
3109 4.39142857142843 12.399230393203
6779 1.19373219373219 12.4024004698501
1852 3.45454545454552 12.4055615277748
8136 5.31161473087836 12.4087136181472
3797 1.5734463276836 12.4118567917033
6593 3.78028169014084 12.4149910987496
4243 4.06179775280889 12.4181165891681
6810 2.19327731092436 12.421233312421
28 4.18715083798886 12.4243413175555
6971 0.18941504178273 12.4274406532083
3275 0.852777777777775 12.4305313676104
6703 2.18282548476454 12.4336135085912
3683 1.71270718232043 12.4366871235833
409 0.34710743801653 12.4397522596267
6783 4.43406593406592 12.4428089633733
3292 3.93424657534257 12.4458572810908
6634 3.75956284153009 12.4488972586673
831 3.53678474114448 12.4519289416153
6659 4.3586956521738 12.4549523750757
7029 0.379403794037941 12.4579676038219
5274 1.36486486486485 12.4609746722639
2926 4.27223719676561 12.4639736244518
6676 3.86827956989262 12.4669645040804
3413 6.09383378016087 12.4699473544923
6712 5.60695187165774 12.4729222186819
4487 4.11200000000008 12.4758891392996
6616 5.42553191489355 12.4788481586546
1941 0.70822281167109 12.4817993187191
5261 0.920634920634928 12.484742661132
6828 0.435356200527704 12.4876782272018
6834 5.49736842105246 12.4906060579107
4941 6.18372703412088 12.4935261939177
6624 0.00523560209424084 12.496438675562
5334 0.383812010443865 12.4993435428665
885 4.22395833333327 12.5022408355411
4880 2.0363636363636 12.5051305929856
6721 3.12435233160623 12.5080128542934
665 5.18863049095613 12.5108876582544
6822 5.20618556701029 12.5137550433583
3366 0.622107969151674 12.5166150477974
6587 3.43333333333332 12.5194677094699
4327 4.06393861892577 12.5223130659829
6772 4.19897959183668 12.5251511546552
6607 1.40966921119592 12.5279820125205
4559 3.56598984771579 12.5308056763302
6710 5.39493670886079 12.5336221825559
6739 6.14141414141428 12.536431567393
1595 1.57430730478591 12.5392338667627
774 2.68592964824117 12.5420291163152
5923 4.69924812030066 12.5448173514323
2958 5.7475000000002 12.5475986072302
1503 5.3915211970074 12.550372918562
5673 5.49253731343292 12.5531403200203
6748 0.42679900744417 12.5559008459399
6925 0.150990099009901 12.5586545304004
4507 5.67654320987681 12.5614014072286
6649 3.06157635467986 12.5641415100011
6630 4.19656019656009 12.5668748720465
1880 2.90441176470587 12.5696015264482
3680 1.91198044009782 12.5723215060467
5660 4.28292682926824 12.5750348434417
2546 0.294403892944039 12.5777415709949
6786 5.67718446601929 12.5804417208319
2745 3.99515738498775 12.5831353248447
399 4.2173913043478 12.5858224146939
58 1.06265060240963 12.588503021811
3630 1.36778846153847 12.5911771774005
6094 3.05275779376497 12.5938449124422
6581 6.17703349282311 12.5965062576933
3356 2.96897374701667 12.5991612436904
4654 0.435714285714285 12.6018099007518
6937 4.58907363420416 12.6044522589796
6174 1.36966824644551 12.6070883482614
2523 0.513002364066194 12.6097181982728
4542 0.511792452830192 12.6123418384791
5825 6.2517647058821 12.6149592981374
2288 3.22535211267599 12.6175706062984
6700 2.91334894613575 12.6201757918087
2787 1.21728971962616 12.6227748833122
511 5.10256410256395 12.6253679092525
221 5.10232558139515 12.6279548978743
4169 0.545243619489561 12.6305358772255
7020 5.67592592592605 12.6331108751593
3545 3.78290993071585 12.6356799193352
5090 4.43317972350222 12.6382430372218
3593 4.40229885057462 12.6408002560977
6760 0.704128440366974 12.6433516030536
1369 4.61098398169352 12.6458971049942
82 2.44977168949776 12.6484367886396
6617 3.16628701594532 12.6509706805271
5197 5.615909090909 12.6534988070128
6738 0.219954648526078 12.6560211942734
5808 5.61085972850677 12.6585378683077
2635 3.87358916478569 12.6610488549382
6716 6.27477477477497 12.6635541798127
6750 3.98651685393251 12.6660538684061
6668 5.09417040358734 12.6685479460214
2293 3.87248322147656 12.671036437792
113 3.91741071428564 12.6735193686824
2972 4.21380846325161 12.6759967634905
4279 0.115555555555556 12.6784686468484
6063 3.87583148558774 12.6809350432243
6633 0.00663716814159292 12.6833959769238
6685 1.11699779249449 12.6858514720914
1564 5.73788546255487 12.6883015527117
5448 1.59780219780219 12.6907462426113
1053 1.9824561403509 12.6931855654596
6730 2.89496717724285 12.6956195447705
6757 3.71397379912656 12.6980482039038
5216 1.15468409586056 12.7004715660664
6510 3.76521739130429 12.7028896543137
6603 4.70932754880687 12.705302491551
5169 5.50865800865815 12.7077101005344
6665 0.341252699784019 12.7101125038727
6140 6.27155172413758 12.7125097240283
6983 5.11182795698902 12.7149017833184
6722 3.13733905579405 12.7172887039165
3192 1.58244111349037 12.7196705078535
4985 2.56623931623931 12.7220472170187
5605 2.56716417910451 12.7244188531617
4572 3.16808510638303 12.7267854378926
2911 1.21443736730361 12.729146992684
5491 4.26906779661033 12.731503538872
4703 3.15433403805488 12.7338550976568
89 6.08227848101286 12.7362016901048
6644 3.61894736842117 12.7385433371487
5790 4.9768907563025 12.7408800595896
4830 4.97693920335416 12.7432118780973
6740 1.60251046025103 12.7455388132119
1060 3.11899791231731 12.7478608853446
4104 1.04166666666667 12.7501781147791
6233 5.39501039501026 12.7524905216722
6564 0.383817427385891 12.7547981260554
6352 1.78053830227746 12.7571009478353
8154 1.78099173553718 12.7593990067954
3520 2.78556701030927 12.7616923225963
3522 2.78600823045271 12.7639809147775
3636 1.11293634496919 12.7662648027576
4325 2.28688524590165 12.768544005836
891 2.65848670756643 12.7708185431934
6747 1.59387755102042 12.7730884338932
5212 0.0122199592668024 12.7753536968819
3001 4.52642276422752 12.7776143509906
3092 1.13387423935091 12.7798704149355
2844 5.38866396761112 12.782121907319
215 3.45050505050491 12.784368846631
5639 3.26814516129027 12.7866112512491
5520 2.06438631790741 12.7888491394398
6704 3.7791164658635 12.7910825293599
6701 3.29058116232467 12.7933114390564
5372 4.52599999999972 12.7955358864682
6823 5.08582834331339 12.7977558894268
3608 2.37450199203187 12.7999714656566
3151 1.47713717693836 12.8021826327766
6817 1.47619047619047 12.8043894083007
6825 2.14257425742574 12.8065918096384
6826 2.14229249011858 12.8087898540963
1243 4.70216962524627 12.8109835588782
5632 2.29133858267716 12.8131729410863
5847 1.56581532416501 12.8153580177219
4408 1.60588235294117 12.8175388056862
4310 1.57925636007825 12.819715321781
4705 2.97265625 12.8218875827097
7350 5.34502923976622 12.8240556050778
5391 6.13813229571982 12.8262194053938
6830 1.61941747572817 12.82837900007
5938 3.14147286821706 12.8305344054231
5788 2.64990328820111 12.8326856376752
4827 4.27413127413126 12.8348327129541
2002 3.1271676300577 12.8369756472946
6128 0.759615384615382 12.8391144566385
3790 3.23800383877153 12.8412491568362
5746 5.31226053639843 12.8433797636465
2747 5.82409177820263 12.8455062927379
6715 3.14503816793889 12.8476287596892
2098 5.2076190476193 12.8497471799898
1821 0.760456273764255 12.851861569041
4100 3.43833017077807 12.8539719421562
6953 4.06628787878798 12.8560783145616
1148 2.50094517958408 12.8581807013972
8128 5.19811320754742 12.8602791177171
3437 0 12.8623735784902
6950 3.44736842105274 12.864464098601
540 1.58724202626645 12.8665506928501
4353 3.64794007490622 12.8686333759549
5689 3.64859813084116 12.8707121625503
3472 1.55970149253733 12.8727870671889
3582 6.26815642458082 12.8748581043423
3394 1.60037174721187 12.8769252884011
6976 5.42486085343251 12.8789886336758
3097 2.28333333333332 12.8810481543973
7159 4.11275415896467 12.8831038647174
3298 5.19557195571965 12.8851557787099
1091 2.38121546961334 12.8872039103702
939 2.18933823529418 12.8892482736168
599 1.44954128440364 12.8912888822916
4538 3.86813186813185 12.8933257501601
6804 5.20109689213892 12.8953588909124
6801 1.21167883211679 12.8973883181636
4616 3.53734061930774 12.8994140454542
3526 1.56909090909088 12.9014360862508
512 5.09981851179651 12.9034544539468
240 3.16123188405785 12.9054691618626
3759 6.01446654611224 12.9074802232462
5264 5.21299638989177 12.9094876512739
4293 3.16216216216213 12.9114914590507
6774 2.65647482014395 12.9134916596109
1577 0.65170556552962 12.9154882659183
5499 1.59139784946238 12.9174812908673
4078 3.27012522361348 12.9194707472826
1234 0.651785714285712 12.9214566479205
5319 3.53654188948317 12.9234390054688
4746 2.27758007117439 12.9254178325477
3899 1.71225577264651 12.9273931417099
5830 1.14184397163119 12.9293649454414
6795 5.03008849557538 12.9313332561618
6794 5.03003533568908 12.9332980862249
4500 5.31040564373916 12.9352594479189
2558 4.60387323943657 12.9372173534671
93 3.13532513181031 12.9391718150284
4640 4.18070175438575 12.9411228446976
613 5.90718038528921 12.9430704545058
1294 3.82517482517469 12.9450146564211
6682 2.00698080279231 12.9469554623488
6711 1.91289198606276 12.948892884132
6732 3.82434782608708 12.9508269335517
3177 5.7343749999997 12.9527576223279
1897 2.27383015597919 12.9546849621192
723 5.00519031141876 12.956608964524
6491 6.22107081174465 12.9585296410802
3346 1.91034482758617 12.9604470032663
6718 0.588640275387258 12.9623610625013
6719 0.589347079037799 12.9642718301452
3980 5.34305317324174 12.9661793174997
103 1.14897260273971 12.9680835358083
6108 3.26495726495725 12.9699844962568
6643 3.61774744027313 12.9718822099736
7455 5.19080068143105 12.9737766880304
6809 3.67687074829939 12.9756679414421
7440 5.34634974533083 12.9775559811676
3721 3.15084745762721 12.97944081811
6741 1.59560067681893 12.981322463117
4723 5.61824324324336 12.9832009269814
2371 3.43676222596979 12.9850762204411
6751 0.00168350168350168 12.9869483541798
6927 1.44873949579831 12.9888173388276
6560 4.43791946308699 12.9906831849606
6689 0.619765494137354 12.992545903102
3989 5.74247491638827 12.9944055037221
1731 3.5642737896494 12.9962619972385
1517 1.58500000000002 12.9981153940171
1784 2.4242928452579 12.9999657043716
534 6.14451827242487 13.0018129385645
6232 3.05472636815919 13.0036571068071
6800 0.617549668874171 13.00549821926
3763 4.6975206611569 13.0073362860334
4341 6.28052805280494 13.0091713171873
6661 3.99176276771026 13.0110033227319
2004 1.60855263157898 13.0128323126282
102 1.14614121510674 13.0146582967879
6784 3.71311475409832 13.016481285074
3019 2.44680851063836 13.0183012873009
6627 0.30392156862745 13.0201183132351
6678 1.22022838499184 13.0219323725949
271 3.42671009771968 13.0237434750515
544 1.57723577235774 13.0255516302286
6714 2.28571428571426 13.027356847703
3191 2.81523500810364 13.0291591370051
3214 2.81553398058245 13.0309585076188
2881 3.13893376413577 13.032754968982
4699 4.05806451612892 13.0345485304871
5398 4.70692431561999 13.0363392014808
1157 2.67684887459807 13.0381269912649
1313 5.18619582664519 13.0399119090963
4899 1.3301282051282 13.0416939641874
5000 1.32960000000002 13.0434731657062
4707 5.56070287539975 13.045249522777
6731 5.56140350877207 13.0470230444802
2502 0.00955414012738853 13.0487937398527
6766 0.697933227344993 13.0505616178885
884 1.58095238095238 13.0523266875387
4586 6.26307448494437 13.0540889577116
6635 4.72468354430344 13.0558484372734
7151 6.01263823064789 13.0576051350482
6805 5.50473186119913 13.0593590598183
760 2.70866141732279 13.0611102203243
1508 3.67295597484269 13.0628586252659
905 0.288854003139718 13.0646042833015
4464 1.97335423197488 13.0663472030489
519 4.24256651017195 13.0680873930853
660 4.47343749999995 13.0698248619477
6761 0.0655226209048362 13.0715596181332
2161 4.87694704049829 13.0732916700991
6372 1.86936236391917 13.0750210262632
6762 1.86956521739128 13.076747695004
6742 1.59224806201548 13.0784716846611
4401 2.28947368421055 13.0801930035354
1041 2.75888717156113 13.081911659889
3736 2.75925925925914 13.0836276619461
6770 1.74884437596305 13.0853410178926
1389 2.28461538461537 13.0870517358766
3881 1.58371735791092 13.0887598240087
4770 0.179447852760736 13.0904652903621
6713 1.95252679938738 13.0921681429729
7018 1.75076452599385 13.0938683898405
5753 1.60458015267177 13.0955660389272
6764 4.70426829268298 13.0972610981592
5383 1.71385083713855 13.0989535754265
6667 4.8799392097263 13.1006434785828
2623 2.59028831562983 13.1023308154464
6820 2.59090909090903 13.1040155937997
4270 1.36308623298034 13.1056978213899
5900 5.47734138972823 13.1073775059291
3425 3.12368024132729 13.1090546550945
6640 2.22891566265059 13.1107292765285
19 5.96992481203039 13.112401377839
3746 2.051051051051 13.1140709665996
5623 2.22938530734634 13.1157380503498
476 4.60778443113768 13.1174026365954
1418 1.61584454409569 13.1190647328083
8135 4.17462686567146 13.1207243464269
6735 1.13114754098361 13.1223814848566
1384 1.5744047619048 13.1240361554693
3785 4.95393759286774 13.1256883656044
239 0.701780415430265 13.1273381225684
6251 2.54370370370365 13.1289854336353
6831 2.5443786982249 13.1306303060469
6948 4.54652880354508 13.1322727470128
6977 4.54719764011812 13.1339127637107
6586 2.65095729013254 13.1355503632866
2322 5.28382352941213 13.1371855528549
6799 5.28340675477232 13.1388183394986
2943 2.28005865102639 13.1404487302696
7031 0.524158125915086 13.1420767321889
2387 4.95321637426913 13.1437023522464
7097 4.35766423357675 13.1453255974016
2003 1.59037900874639 13.1469464745834
4032 1.59679767103351 13.1485649906906
3678 3.5087209302326 13.1501811525917
6796 3.50943396226431 13.1517949671254
5149 4.43913043478242 13.1534064411006
7019 1.7525325615051 13.1550155812965
3739 1.57080924855489 13.1566223944632
3777 1.13997113997114 13.1582268873212
4214 1.5994236311239 13.1598290665622
4223 3.13381294964015 13.1614289388489
6117 1.95114942528732 13.1630265108152
4137 3.67431850789103 13.1646217890664
4875 1.82808022922642 13.1662147801795
6565 3.61516452074382 13.1678054907034
2846 5.39000000000015 13.1693939271585
2216 3.67617689015677 13.1709800960376
3493 1.56267806267804 13.1725640038056
4867 0.470839260312946 13.1741456568999
2812 3.75994318181827 13.1757250617303
1527 3.1134751773048 13.1773022246794
5874 1.58640226628898 13.1788771521027
6705 1.26166902404527 13.1804498503287
8086 1.6129943502825 13.1820203256588
6343 3.40338504936552 13.1835885843682
6984 2.65492957746489 13.1851546327051
6802 2.43319268635728 13.1867184768916
5366 0.327247191011235 13.1882801231236
6673 2.96072931276287 13.1898395775706
6743 1.62324929971988 13.1913968463764
6736 5.00699300699308 13.1929519356591
749 1.40782122905029 13.194504851511
3888 1.36959553695955 13.1960555999987
3058 1.15738161559887 13.1976041871638
1123 3.14325452016706 13.1991506190225
917 0.470833333333332 13.2006949015659
220 3.93481276005548 13.2022370407602
2193 2.6786703601108 13.2037770425467
6597 5.11065006915628 13.2053149128422
2479 1.57596685082875 13.2068506575388
438 4.13379310344835 13.2083842825043
6792 4.13360881542689 13.2099157935822
887 1.59284731774412 13.2114451965919
4258 4.11126373626376 13.2129724973288
101 1.95336076817554 13.2144977015643
1284 1.9493150684932 13.2160208150463
6082 0.779753761969909 13.2175418434989
6508 0.780054644808733 13.2190607926228
899 2.03683492496593 13.2205776680954
4608 0.698910081743867 13.2220924755708
4537 5.194557823129 13.2236052206801
4680 1.17119565217391 13.2251159090312
6790 5.10990502035309 13.2266245462095
4842 4.69241192411909 13.2281311377774
1859 6.16508795669787 13.2296356892749
2361 4.50540540540524 13.2311382062194
3852 4.50607287449368 13.2326386941059
5662 4.27493261455544 13.2341371584073
3914 3.58815612382218 13.2356336045744
6650 3.58870967741957 13.2371280380359
4742 1.14362416107381 13.2386204641986
6696 2.89008042895442 13.2401108884478
1479 5.42570281124504 13.2415993161467
5036 2.06684491978603 13.2430857526374
6307 4.47129506008 13.2445702032405
6745 1.59466666666669 13.2460526732551
6746 1.60719041278299 13.2475331679593
1 5.69946808510631 13.2490116926101
1770 5.69986719787516 13.2504882524435
2991 1.95755968169766 13.2519628526746
5703 6.16688741721803 13.253435498498
