1	5031	5216
1	975	6623
1	2682	4020
1	4445	6589
1	370	5000
1	6670	2720
1	3350	5414
1	6178	3062
1	72	6690
1	1973	6698
1	5037	6816
1	6598	3507
1	2461	5923
1	5031	6666
1	1139	6683
1	1205	3617
1	3738	6825
1	3734	6576
1	2366	1205
1	1685	4941
1	1957	6610
1	72	4394
1	1957	6738
1	5901	6666
1	887	4137
1	3738	2897
1	92	5156
1	842	5037
1	3738	6666
1	6030	6178
1	4941	6723
1	2941	6554
1	5808	6606
1	1156	5037
1	4067	4690
1	72	6030
1	5200	6786
1	3626	6620
1	3778	6604
1	90	6598
1	3859	6610
1	5142	1156
1	1156	3062
1	1157	6707
1	4333	6975
1	3989	6637
1	5063	6567
1	5037	6573
1	3738	6666
1	4380	6595
1	887	6738
1	2934	2941
1	319	6554
1	4333	6754
1	67	4707
1	2435	1813
1	4616	284
1	4067	6583
1	370	6578
1	3060	6970
1	3752	6611
1	445	6734
1	3608	6178
1	3738	3260
1	3109	6610
1	2124	615
1	5229	4104
1	67	3030
1	72	6676
1	6598	5784
1	6575	4169
1	5037	6178
1	1711	2635
1	2161	5945
1	6610	4941
1	2638	5261
1	58	6449
1	49	2366
1	1205	2923
1	1794	6607
1	979	1973
1	4001	5784
1	250	1036
1	2250	5334
1	653	6491
1	1067	6765
1	6178	7017
1	5845	6693
1	410	6176
1	2250	3058
1	3060	3639
1	6178	6570
1	1205	6178
1	2438	6619
1	3062	6117
1	6584	4664
1	2638	3704
1	5901	6632
1	6631	4616
1	7165	5922
1	6555	5008
1	5417	6925
1	6555	6795
1	2401	6084
1	87	6589
1	3522	6424
1	2402	3346
1	6582	5729
1	2366	4464
1	5259	6637
1	514	2385
1	2168	6679
1	5156	4603
1	250	6610
1	6598	6927
1	5229	6758
1	6146	4186
1	395	6569
1	1696	3704
1	6627	6662
1	5156	7017
1	2161	6623
1	2638	2366
1	3738	4001
1	364	5027
1	5037	3107
1	3060	6259
1	3842	6569
1	6734	2523
1	3636	6750
1	2663	1960
1	72	1464
1	1243	6627
1	5037	6964
1	6666	6623
1	6623	1459
1	5901	6449
1	3752	6781
1	6555	6623
1	1044	6140
1	3367	6806
1	38	6606
1	6654	1200
1	4020	5901
1	2056	6815
1	72	6610
1	1973	6580
1	49	6657
1	1156	6767
1	1464	6724
1	370	6580
1	6575	7017
1	6776	6781
1	4664	6604
1	5259	2366
1	4827	6570
1	6070	3403
1	4707	6638
1	990	4001
1	3738	674
1	1156	6583
1	1157	2168
1	2638	7054
1	3260	5673
1	4104	6578
1	2440	2124
1	5216	6563
1	3613	5601
1	4626	4445
1	2682	6662
1	665	6636
1	55	5259
1	2579	6604
1	1156	5264
1	4603	6686
1	665	6789
1	68	6664
1	1156	3704
1	87	6752
1	3041	6790
1	4481	6613
1	6574	1895
1	1000	5037
1	425	4445
1	6449	6178
1	6829	5702
1	49	3803
1	1882	3054
1	6178	2461
1	1887	6668
1	842	6563
1	419	6449
1	3367	6070
1	2165	5200
1	4067	6449
1	1157	8130
1	2638	270
1	519	6652
1	90	5792
1	72	6560
1	3294	6925
1	1748	2579
1	1957	6972
1	4827	2440
1	2366	2250
1	2461	4897
1	1564	6812
1	942	6975
1	5037	92
1	3260	3418
1	2682	4793
1	1882	5156
1	6178	6636
1	3951	5601
1	615	4760
1	5210	5702
1	1036	6982
1	1483	6640
1	6449	6571
1	2366	6610
1	2926	6777
1	67	6575
1	3869	5031
1	2288	6750
1	365	6757
1	1059	5977
1	3777	6555
1	6268	6784
1	6555	6595
1	6570	5455
1	49	3613
1	1887	3648
1	3738	3734
1	6574	6604
1	6736	2263
1	4153	2579
1	55	6731
1	1205	630
1	6146	7017
1	6178	4507
1	899	6623
1	3738	4153
1	3721	1205
1	58	5031
1	4067	7147
1	72	5037
1	6571	5037
1	6577	3294
1	4484	4137
1	1272	6738
1	72	3651
1	1036	4161
1	5259	917
1	1067	3725
1	6671	5533
1	6557	6449
1	72	6570
1	5037	5784
1	6568	6779
1	3272	511
1	6590	6811
1	5901	67
1	72	6582
1	2923	6589
1	477	6574
1	370	5027
1	2250	6667
1	2822	6590
1	3260	6672
1	4802	6672
1	399	6574
1	2812	6583
1	4001	5673
1	3790	7031
1	3738	6789
1	476	4001
1	2682	6580
1	6716	2523
1	5533	5901
1	2972	5261
1	531	6709
1	3752	5081
1	3019	6590
1	4001	6579
1	6178	6584
1	3678	3021
1	6554	4444
1	1067	6424
1	4020	6449
1	2461	6449
1	712	3704
1	1473	3859
1	1748	6579
1	3738	6637
1	1423	6449
1	1156	6610
1	6603	6560
1	2423	6574
1	6610	6619
1	164	2822
1	4827	6582
1	68	3738
1	3738	5016
1	3778	4379
1	3425	6683
1	4927	2408
1	6583	319
1	4086	6972
1	1960	6673
1	840	6680
1	48	3109
1	92	6599
1	1036	6557
1	3738	3783
1	5264	4001
1	3062	6627
1	5901	6178
1	6555	6611
1	6656	5950
1	58	1892
1	3172	6688
1	5229	6655
1	5175	6178
1	72	6623
1	3042	6598
1	1059	6556
1	653	2124
1	5455	6738
1	6559	5156
1	6623	6675
1	4020	6652
1	3403	2991
1	3738	3144
1	3738	5339
1	3927	6756
1	3608	6652
1	3678	250
1	2124	6030
1	6648	6584
1	6560	6610
1	365	270
1	5229	4137
1	1205	5037
1	3738	2682
1	87	5901
1	3009	5945
1	712	6666
1	1553	6030
1	6972	6631
1	1957	6589
1	3734	4507
1	49	6680
1	220	6571
1	6556	6689
1	380	4104
1	49	3054
1	113	6695
1	3065	6606
1	3869	6582
1	410	6734
1	5901	6251
1	6178	6675
1	4161	4942
1	531	5037
1	5031	3983
1	6559	1059
1	4664	6557
1	3901	6741
1	2366	3617
1	5901	6605
1	3107	6636
1	3738	6972
1	3869	6699
1	2161	6569
1	5901	3172
1	221	1156
1	3738	6604
1	630	3060
1	319	6233
1	6948	6680
1	6604	4380
1	2682	653
1	2250	3704
1	2759	6583
1	1957	3797
1	3626	6178
1	6812	6563
1	3678	6975
1	516	1294
1	2745	1529
1	6582	5808
1	1696	6607
1	3738	6739
1	2747	5264
1	2366	2682
1	370	3738
1	3651	6574
1	1794	6568
1	6691	653
1	1059	5946
1	270	6736
1	1156	4920
1	6556	6623
1	1156	6178
1	2161	3738
1	2941	6508
1	1957	6778
1	6731	5691
1	5703	6573
1	55	842
1	1157	4664
1	6670	5874
1	319	6674
1	6660	6638
1	3842	1397
1	3752	6658
1	891	6657
1	72	2706
1	1156	5788
1	712	6661
1	19	6782
1	2638	6623
1	6563	6449
1	942	6980
1	2250	5702
1	4001	6790
1	2461	6559
1	587	3009
1	4015	3738
1	2943	2461
1	370	4880
1	3403	2440
1	13	2408
1	319	5128
1	6178	5901
1	2161	4340
1	6178	6308
1	608	6178
1	58	5027
1	6598	1553
1	4001	6573
1	990	6578
1	3869	2638
1	1067	6925
1	4137	5037
1	5037	5037
1	6976	3491
1	3738	6699
1	92	3989
1	1188	5200
1	2492	6308
1	1067	7017
1	82	6063
1	5702	6557
1	3030	6583
1	5037	6712
1	3087	1812
1	3328	1067
1	6666	6555
1	6569	1156
1	5494	653
1	1156	6953
1	6006	6449
1	1001	7016
1	72	6979
1	4001	6632
1	6029	2663
1	3651	5037
1	410	5499
1	67	6602
1	158	3639
1	2056	653
1	3927	3328
1	6178	1892
1	3144	5901
1	3199	6138
1	3738	6178
1	1243	4559
1	1067	6555
1	1156	5016
1	615	6765
1	4484	6611
1	319	6555
1	5623	6582
1	3060	6595
1	4379	4245
1	3738	1794
1	3260	6612
1	3272	5414
1	2402	6731
1	1403	6653
1	5343	5037
1	1957	4394
1	19	6604
1	5601	6178
1	1156	7017
1	4731	6569
1	5037	6716
1	2745	4760
1	5156	6582
1	3062	6972
1	5359	5037
1	5601	6709
1	6732	5921
1	51	6578
1	3092	6595
1	2461	5200
1	55	6787
1	6687	6972
1	3738	6744
1	5229	6562
1	5533	6424
1	2161	5259
1	5901	6178
1	5264	6601
1	4941	4077
1	1957	6656
1	3100	6233
1	3170	6646
1	3734	6735
1	1205	6631
1	3172	6701
1	2161	6666
1	4445	6704
1	438	6030
1	6680	5477
1	3738	1022
1	8157	6661
1	3285	6571
1	3060	6754
1	5259	6604
1	380	6709
1	3030	7030
1	339	5642
1	8086	3725
1	2941	6595
1	1044	6779
1	4279	5901
1	49	3260
1	4332	6178
1	4001	6604
1	4444	6623
1	2638	3725
1	1036	4445
1	3639	6972
1	1423	6788
1	3738	5376
1	5334	5414
1	4484	6701
1	1696	6178
1	1957	6700
1	404	3062
1	2366	4020
1	3947	6617
1	5533	2161
1	4001	3738
1	5343	4941
1	4020	6807
1	1397	6686
1	5383	7031
1	3260	5156
1	6623	6587
1	6128	5037
1	1510	6630
1	3738	6571
1	6821	6560
1	1957	3298
1	49	6073
1	2366	6798
1	2461	55
1	4161	6585
1	319	2515
1	93	6585
1	2747	4464
1	5366	6652
1	1685	6656
1	2366	3963
1	2933	6577
1	3275	3800
1	6613	6604
1	653	6638
1	2366	4173
1	284	6604
1	2846	1067
1	6571	6627
1	65	3062
1	3651	4793
1	6178	6560
1	3060	6627
1	2440	2056
1	5037	6693
1	2366	2897
1	2056	1156
1	2293	8127
1	5324	613
1	3947	3842
1	90	6652
1	3738	6598
1	4941	6613
1	1205	6585
1	65	6560
1	917	4731
1	270	3009
1	1794	6623
1	5037	6661
1	3803	6571
1	2288	6696
1	5259	1332
1	3738	6571
1	3738	6773
1	5175	6676
1	89	6599
1	4716	6730
1	221	2885
1	3680	1148
1	49	5037
1	4664	6734
1	1059	6664
1	72	5945
1	1036	6623
1	4001	3651
1	5037	6672
1	72	5156
1	1036	5845
1	113	653
1	1628	370
1	4445	3418
1	1156	6806
1	2031	6668
1	3191	6683
1	2461	6510
1	3639	6646
1	6670	3704
1	4309	6639
1	2452	6716
1	6569	5229
1	4760	6768
1	2930	5037
1	87	6722
1	221	6642
1	6610	3900
1	5901	2161
1	3752	3260
1	3734	6627
1	5259	5660
1	5784	6629
1	6084	6084
1	5901	6769
1	2418	6178
1	72	6584
1	4379	8133
1	4050	4380
1	3738	6783
1	5929	3058
1	2161	6569
1	990	6555
1	3272	58
1	3721	885
1	3738	3848
1	6006	5037
1	5259	5229
1	2638	6600
1	3260	6601
1	3367	6574
1	2366	6570
1	98	6710
1	5623	6178
1	6623	3009
1	380	4001
1	1067	6557
1	3734	3522
1	609	6595
1	90	3062
1	4505	4952
1	5259	2435
1	87	6694
1	4484	6738
1	540	5259
1	3062	4445
1	6369	6779
1	1895	5508
1	2575	250
1	245	4001
1	6604	6178
1	4265	3172
1	2366	6638
1	2950	90
1	51	4001
1	625	6600
1	3608	6972
1	250	2440
1	6449	4001
1	55	6615
1	72	3869
1	4380	3260
1	1510	2366
1	6178	4464
1	2941	2031
1	1892	5175
1	1957	6424
1	5037	6178
1	3272	3260
1	6560	4445
1	3042	6574
1	4481	4310
1	3260	72
1	6424	4705
1	6691	3062
1	2897	6574
1	3437	6178
1	4001	6636
1	2435	5901
1	1205	6577
1	3617	6818
1	1156	4445
1	6268	5901
1	3172	6728
1	6351	2523
1	5037	4899
1	840	4664
1	6583	820
1	3738	1242
1	6598	6178
1	3738	6146
1	113	1036
1	1156	3734
1	6596	6980
1	6582	6981
1	4481	2161
1	512	5825
1	2161	6574
1	653	6772
1	1794	5037
1	6579	6178
1	531	6604
1	4001	842
1	5343	6711
1	370	6570
1	4729	6571
1	3582	3803
1	6585	6424
1	6140	6731
1	6575	6555
1	92	6759
1	1157	5923
1	2161	6623
1	609	5156
1	2366	2897
1	1067	4498
1	5169	3060
1	2161	6629
1	5398	5702
1	2366	6828
1	1205	2934
1	380	6819
1	1794	6779
1	886	6638
1	3888	5261
1	7478	6178
1	2366	6178
1	3901	6687
1	2682	6682
1	975	6600
1	58	1882
1	6749	1957
1	3019	6733
1	2682	3175
1	380	3021
1	975	6570
1	3613	6682
1	1116	6652
1	6686	87
1	653	6571
1	1957	4516
1	531	4380
1	1398	6582
1	6604	1502
1	3738	6772
1	3060	4464
1	3639	7031
1	653	6676
1	1156	6666
1	979	4173
1	2124	3191
1	674	6590
1	1044	5259
1	3272	6629
1	68	6666
1	6590	2547
1	5901	3061
1	2836	6813
1	6774	5689
1	3869	6965
1	1205	3346
1	1067	6673
1	3079	4952
1	6174	1473
1	1205	6178
1	1887	6616
1	6563	1882
1	5929	6178
1	3738	5923
1	4665	6569
1	6638	6641
1	3260	4565
1	6560	6596
1	1397	6571
1	5037	6178
1	3983	4020
1	1044	5027
1	1892	3869
1	1634	6678
1	395	6449
1	2745	3848
1	2452	6029
1	103	6667
1	3777	6308
1	5391	5901
1	1403	6558
1	1139	4920
1	6006	6656
1	3752	5901
1	1156	6775
1	72	4941
1	2638	6661
1	4020	6582
1	4161	6573
1	5899	5037
1	3738	599
1	6178	5156
1	6638	6777
1	3272	6693
1	1973	6725
1	544	6638
1	6308	6622
1	5901	6604
1	5799	6604
1	4897	6595
1	609	6645
1	1156	8123
1	5200	6965
1	419	5901
1	220	6636
1	6590	5977
1	1821	6604
1	4737	6566
1	6558	4565
1	4664	3725
1	2745	6587
1	630	7018
1	2777	6646
1	6580	3367
1	103	6589
1	6685	4899
1	3060	6582
1	1067	5923
1	8144	6674
1	3617	5081
1	1348	6613
1	5259	6674
1	3734	6700
1	4161	6708
1	1156	6569
1	68	6555
1	4265	3144
1	68	5196
1	3403	6970
1	6555	4001
1	473	4481
1	58	3763
1	2682	6238
1	4380	1685
1	2461	3859
1	5702	5533
1	2250	6625
1	58	1067
1	6178	6582
1	270	5261
1	2579	4067
1	6567	4505
1	72	7013
1	5845	6638
1	3717	6743
1	319	5901
1	5037	6178
1	4920	6701
1	1892	6703
1	6178	113
1	3292	6970
1	6140	6816
1	410	5117
1	2165	840
1	3901	6652
1	6610	6611
1	4665	6680
1	3172	3626
1	3639	5229
1	3292	6627
1	4993	4985
1	6786	4588
1	3062	6424
1	6145	5037
1	6590	58
1	4707	6574
1	5264	5037
1	665	6598
1	1067	6595
1	514	2161
1	4380	3869
1	6631	6592
1	6178	6602
1	6449	6671
1	92	5027
1	5016	4538
1	840	2366
1	3109	6682
1	370	2972
1	2663	4001
1	5037	3582
1	49	4223
1	68	6657
1	5808	6594
1	72	4830
1	3065	6676
1	3738	6624
1	5639	6677
1	3060	5037
1	5200	6006
1	6604	6980
1	6569	6583
1	5901	2897
1	1060	5901
1	1499	3869
1	5229	6583
1	5037	2515
1	1205	6596
1	1067	5656
1	4380	6558
1	245	5016
1	49	6668
1	6424	6556
1	615	6449
1	6595	5921
1	58	6146
1	1696	5000
1	2663	6676
1	1123	6690
1	2523	6629
1	1205	6781
1	1001	1957
1	3030	5037
1	28	5259
1	2366	4198
1	519	6604
1	2293	6556
1	3366	2941
1	2579	5729
1	370	4293
1	1957	6788
1	2461	6972
1	587	6604
1	4484	6663
1	3275	6561
1	2161	842
1	2293	6646
1	3738	6964
1	4001	6449
1	1067	4654
1	1205	3356
1	6595	4020
1	4664	1508
1	92	6785
1	68	6703
1	3177	4333
1	2366	4565
1	5601	6661
1	2366	2906
1	6268	3109
1	4001	3617
1	5835	3738
1	2401	6268
1	3734	6726
1	2366	1123
1	3050	3501
1	2623	4001
1	370	2822
1	712	6576
1	5788	6727
1	6568	6575
1	3001	410
1	6619	6788
1	72	6651
1	3983	6750
1	1156	5027
1	3172	4001
1	1067	6424
1	28	3030
1	1957	6652
1	68	4417
1	6178	5691
1	319	473
1	1044	5945
1	3738	6176
1	4353	6573
1	5414	6449
1	4173	92
1	1156	4444
1	1148	5264
1	665	1059
1	5031	2461
1	2124	6800
1	6652	1205
1	2165	6575
1	3738	5702
1	975	6636
1	468	6589
1	3279	6600
1	615	2720
1	204	6628
1	3752	6757
1	5156	5031
1	6661	3109
1	2682	5901
1	2212	6178
1	4772	5601
1	4015	6970
1	1957	5027
1	72	6577
1	3800	6598
1	4595	6772
1	2638	1973
1	6178	6569
1	5477	6573
1	1423	5639
1	284	5259
1	1403	6776
1	4001	6571
1	4731	3848
1	1306	6178
1	4880	6592
1	5825	6647
1	2215	6583
1	6582	6711
1	653	3177
1	5784	6645
1	1957	5901
1	6604	3678
1	3738	6983
1	6559	2663
1	652	6586
1	1205	6603
1	2250	6624
1	2947	7017
1	3752	3738
1	1156	6607
1	4020	1067
1	1148	6642
1	319	5383
1	1059	3298
1	6652	6579
1	264	5259
1	48	5923
1	4020	4703
1	2461	7013
1	990	6971
1	3738	6600
1	3065	6803
1	3738	5037
1	615	6585
1	3881	5901
1	531	2923
1	3734	4086
1	49	6759
1	364	6568
1	2250	6755
1	1036	6686
1	2934	5334
1	1156	1957
1	5784	3639
1	4001	6562
1	55	6178
1	6178	5729
1	3738	2366
1	5391	4380
1	1957	7013
1	6610	5027
1	6598	4104
1	531	5027
1	6568	6583
1	113	5901
1	3983	5000
1	55	5142
1	3089	6731
1	6582	4729
1	3062	2923
1	6146	6699
1	6556	6600
1	2866	6595
1	1067	6590
1	5312	6424
1	1205	5921
1	1485	6749
1	2402	6766
1	1892	6598
1	6680	5508
1	686	4716
1	1306	6571
1	5200	6585
1	4333	6259
1	6555	5027
1	2972	6598
1	4353	4363
1	3062	4137
1	5901	6780
1	4001	6666
1	87	6176
1	6685	72
1	4445	6589
1	1770	5134
1	5200	3859
1	410	6655
1	4464	3651
1	1306	6576
1	2663	3947
1	4001	6624
1	6604	6672
1	2812	6786
1	6573	5702
1	72	6826
1	13	5037
1	4086	653
1	468	5037
1	6590	6030
1	1957	3651
1	399	6611
1	2440	6827
1	1880	5359
1	5729	3060
1	72	6779
1	6604	2706
1	6178	6629
1	3172	6972
1	6571	6652
1	3927	3639
1	3738	6813
1	5037	6797
1	5229	6709
1	2366	4137
1	4445	2366
1	8158	3651
1	72	6654
1	3738	6971
1	1794	5656
1	1748	6602
1	3060	4608
1	3738	6776
1	270	6598
1	4899	6717
1	3704	6613
1	1004	2161
1	531	6582
1	5656	6660
1	3170	6600
1	6178	6030
1	842	6178
1	3275	1148
1	1685	6601
1	3738	4001
1	6176	6763
1	1508	2124
1	67	4464
1	3413	3491
1	1892	6583
1	3738	5156
1	3172	6722
1	2401	6972
1	1157	5702
1	4664	512
1	264	5200
1	49	5027
1	609	5210
1	4147	6654
1	5100	5195
1	1243	5156
1	3752	6679
1	5736	6563
1	1036	6268
1	2745	3734
1	5477	6681
1	72	6619
1	49	3050
1	5037	6569
1	2663	6555
1	1044	6675
1	365	5784
1	6555	4050
1	2366	5210
1	613	4445
1	653	6619
1	840	6656
1	5656	3651
1	6691	6634
1	975	2366
1	3009	6574
1	4001	6569
1	6824	6681
1	4559	6615
1	5729	6734
1	2250	6587
1	49	3367
1	6604	6578
1	6557	2682
1	2941	6668
1	3738	1059
1	886	6178
1	6654	5027
1	1423	6178
1	2682	5414
1	3030	5037
1	6821	250
1	3367	6638
1	3107	6579
1	842	3734
1	365	6672
1	1397	4952
1	4461	6764
1	5037	3030
1	5359	6604
1	4086	6613
1	519	6667
1	2461	5229
1	4481	6820
1	6829	6670
1	90	4559
1	5037	6738
1	4565	4067
1	3738	6595
1	72	6178
1	1200	3175
1	3030	6721
1	1156	5037
1	1957	6978
1	4380	6604
1	68	4444
1	2897	6562
1	2161	6590
1	380	842
1	1957	6146
1	6006	6573
1	5722	6575
1	2682	2056
1	6605	6178
1	3260	6259
1	3651	5901
1	72	3260
1	6449	6178
1	4265	3927
1	92	6734
1	3144	6556
1	5229	4952
1	6178	6573
1	1397	6818
1	243	6711
1	49	6577
1	364	49
1	2366	6708
1	1892	6600
1	1397	3279
1	6757	6642
1	886	653
1	2546	2678
1	6178	6176
1	58	6597
1	2366	4001
1	5156	4379
1	2366	6595
1	2682	6683
1	55	5477
1	540	2366
1	1403	3704
1	5229	6424
1	49	6563
1	5175	6979
1	511	6607
1	4001	6664
1	6063	6006
1	6561	1188
1	3738	3582
1	49	6030
1	4380	4722
1	2408	5901
1	1059	6598
1	68	6781
1	4746	3704
1	6372	6561
1	3738	6731
1	3175	5037
1	58	5901
1	5901	6178
1	3983	6662
1	5264	6621
1	4001	6569
1	3785	6569
1	5623	3963
1	7165	6178
1	3030	6449
1	1529	6657
1	2745	6750
1	67	6611
1	3042	3260
1	2161	6630
1	49	6708
1	1892	4899
1	6577	6178
1	3738	270
1	5901	3009
1	1156	2958
1	284	6749
1	1517	2366
1	4380	6561
1	3738	6977
1	3062	6750
1	2926	6557
1	2575	370
1	4664	6637
1	87	6815
1	4985	5107
1	1156	6588
1	3172	6585
1	3065	92
1	1369	6555
1	89	6756
1	1957	6637
1	8154	3639
1	4173	975
1	2947	3639
1	5229	6611
1	3651	6618
1	4797	6679
1	4507	6720
1	3054	2461
1	113	3989
1	2682	6804
1	3752	6560
1	6623	5702
1	3413	6778
1	4444	5027
1	6178	6063
1	49	2682
1	3060	6781
1	1148	6598
1	6554	4161
1	1897	6259
1	3738	2250
1	2366	6799
1	3738	6590
1	2747	3285
1	2366	7031
1	3003	6449
1	840	5901
1	2923	1157
1	2366	3959
1	1157	5156
1	6178	4559
1	49	4680
1	3176	5601
1	1553	6776
1	49	4616
1	3651	4565
1	7020	6604
1	1067	4444
1	3009	4394
1	49	6449
1	6623	2385
1	1794	6776
1	3060	3260
1	1156	7030
1	1957	3983
1	72	6656
1	1139	6604
1	3947	6584
1	3109	3664
1	5339	6636
1	1672	3260
1	6611	4077
1	395	7013
1	477	2366
1	3403	3717
1	4952	3062
1	1957	380
1	6664	6268
1	55	6676
1	1748	6555
1	984	4198
1	6582	6614
1	6178	4703
1	6571	5414
1	653	6814
1	72	2161
1	917	5950
1	2056	4444
1	3803	6679
1	544	6692
1	3738	6591
1	2787	1685
1	1696	6781
1	7020	1973
1	824	6680
1	975	6577
1	19	6745
1	587	4262
1	5808	3079
1	653	6978
1	68	6268
1	3738	5037
1	8159	6637
1	990	1067
1	319	5787
1	5142	1205
1	270	6560
1	49	1157
1	90	5901
1	2366	6555
1	4077	158
1	1423	4380
1	2440	6351
1	4640	6663
1	6555	5037
1	1897	3009
1	5901	6582
1	3208	6178
1	3738	6170
1	6610	5037
1	6593	3777
1	2220	6667
1	3778	5334
1	840	6739
1	3520	1892
1	3019	5702
1	6449	5901
1	5901	6584
1	6178	6688
1	90	6238
1	58	3582
1	72	6308
1	319	6449
1	2366	6595
1	445	6449
1	5784	3009
1	1156	4664
1	598	3738
1	5901	6555
1	319	6178
1	3738	3175
1	3738	6655
1	2974	6576
1	1156	6682
1	49	6655
1	1067	6259
1	3738	6568
1	1205	5037
1	1464	3403
1	1205	653
1	2461	3170
1	1044	2663
1	6582	6555
1	4445	6717
1	1139	3960
1	1200	4664
1	49	6621
1	3065	1200
1	2366	6570
1	1156	6598
1	72	6627
1	4001	1794
1	5156	5261
1	6610	6449
1	2791	3927
1	975	6585
1	6666	6573
1	1957	3626
1	1044	6623
1	2461	3927
1	6610	5027
1	1148	6654
1	4086	6972
1	6756	6562
1	1499	2161
1	1957	93
1	3009	3403
1	49	6673
1	2435	6571
1	3356	6555
1	4077	6558
1	90	3734
1	5702	6681
1	3042	5923
1	3738	5229
1	6146	3172
1	7019	6590
1	6176	6623
1	68	2161
1	4793	6370
1	158	90
1	6590	6597
1	6585	5037
1	5929	3030
1	67	6566
1	4664	3272
1	49	3522
1	2703	6178
1	630	270
1	2242	6925
1	3803	3403
1	6606	3783
1	6554	7020
1	4076	4538
1	1156	4223
1	6063	3842
1	1306	410
1	6560	3869
1	2991	6686
1	2366	6594
1	3738	3009
1	4353	5383
1	2461	6610
1	6508	5037
1	2745	6575
1	3738	4001
1	6750	6573
1	1882	3009
1	5366	2703
1	3738	4498
1	3738	5099
1	4707	6176
1	840	4001
1	3738	5784
1	4900	6595
1	51	2161
1	5037	5216
1	5461	6588
1	2461	5901
1	3491	5259
1	5825	3704
1	2926	3738
1	652	6662
1	3062	6554
1	1628	6594
1	72	4265
1	3328	7020
1	975	5923
1	28	3172
1	820	6972
1	1156	5901
1	58	6178
1	2682	5784
1	4076	6805
1	67	5929
1	3617	5210
1	3062	6680
1	3869	7017
1	5901	5216
1	3734	3060
1	6178	3848
1	2703	6178
1	3608	5016
1	531	2435
1	1157	6652
1	1859	6972
1	4559	4565
1	3060	2638
1	445	72
1	5037	6673
1	2250	512
1	6582	6559
1	2401	6619
1	270	4899
1	6424	6982
1	630	2366
1	3658	6781
1	2682	6631
1	6604	6702
1	3009	4565
1	3175	3963
1	380	3736
1	4484	6759
1	6030	6574
1	4001	1067
1	6558	6632
1	3208	6656
1	3009	6178
1	264	4445
1	3798	6555
1	8041	3272
1	5200	6424
1	221	6608
1	4161	4772
1	1812	3347
1	264	2638
1	5929	6972
1	5494	2452
1	2161	3009
1	6372	3172
1	6424	6788
1	67	6755
1	6666	3272
1	2579	6623
1	3065	6424
1	5037	6571
1	1897	4722
1	1473	653
1	4394	5264
1	6006	5414
1	6508	6174
1	3065	3030
1	899	6978
1	5037	2682
1	4833	6259
1	3738	4952
1	72	4333
1	3030	6571
1	158	6598
1	1423	6571
1	541	6978
1	6582	6580
1	6666	6557
1	250	6424
1	6646	6637
1	5037	6579
1	1634	5499
1	1685	3058
1	6613	4265
1	1156	6569
1	3260	4445
1	6308	6586
1	2635	5037
1	6491	3092
1	2161	6684
1	4265	4076
1	1786	6449
1	6686	6749
1	4880	6604
1	1385	6594
1	4444	5729
1	533	6685
1	2974	6178
1	3424	6615
1	6605	6621
1	68	6424
1	3738	6569
1	3651	6574
1	5784	6706
1	2440	3704
1	6610	6146
1	2745	4952
1	2161	6178
1	2402	5945
1	6779	4333
1	6686	2958
1	4626	8157
1	6610	6590
1	3803	4001
1	6567	6781
1	3738	8126
1	2216	3491
1	4041	5037
1	2461	2250
1	6627	6768
1	4020	6729
1	2682	5901
1	270	6604
1	1350	3097
1	3738	4603
1	1897	3260
1	6558	6030
1	158	6604
1	1348	4137
1	1973	6449
1	975	6695
1	511	6590
1	3738	6569
1	2941	4020
1	6777	4378
1	5343	6642
1	1423	7148
1	4394	6569
1	3021	6610
1	1200	1139
1	514	5901
1	87	6146
1	4086	4015
1	6619	370
1	5901	6557
1	470	5691
1	1423	6583
1	380	6178
1	5149	3608
1	2161	6574
1	2461	6673
1	1403	6683
1	5229	6563
1	615	5702
1	3021	5031
1	3062	6623
1	1973	6178
1	6178	6601
1	319	4880
1	2998	6686
1	245	6601
1	6449	6663
1	570	6665
1	2366	2906
1	3738	2461
1	6615	8122
1	67	6691
1	270	6594
1	5264	4537
1	842	6562
1	92	3959
1	5229	5031
1	6571	6711
1	3403	6778
1	2926	6706
1	4086	1156
1	615	5929
1	6629	4484
1	6562	4265
1	3425	6574
1	587	4897
1	4274	6983
1	4380	6178
1	6708	6424
1	883	7030
1	5845	4086
1	6178	6574
1	2897	6574
1	1157	3046
1	7463	1200
1	353	3491
1	511	8154
1	1067	6070
1	49	2991
1	1067	842
1	3429	3983
1	5037	6610
1	6658	3366
1	72	5259
1	3170	270
1	72	2923
1	72	5027
1	3734	6178
1	1306	3272
1	1067	2958
1	380	6788
1	4380	6449
1	158	3869
1	1957	4285
1	1957	6738
1	4067	4333
1	2461	3403
1	6574	6972
1	939	4001
1	840	6598
1	3364	4001
1	4498	3009
1	445	6030
1	4173	1067
1	58	6666
1	6615	6259
1	3191	4842
1	1812	6610
1	6656	6556
1	6571	6633
1	6672	5901
1	2575	5729
1	158	6979
1	6449	6609
1	6146	4020
1	887	2745
1	6178	6631
1	5601	5229
1	6750	4840
1	6688	6705
1	5929	3507
1	6449	6602
1	3752	6791
1	10	6716
1	6569	5499
1	1157	5027
1	3738	5784
1	51	6449
1	67	6178
1	712	220
1	1794	6626
1	511	6697
1	380	6975
1	1156	2546
1	419	3738
1	6756	6660
1	3738	7017
1	3608	6623
1	6178	3869
1	89	5259
1	2435	399
1	8041	5601
1	1036	6598
1	4380	6674
1	1148	1205
1	2366	6601
1	4265	2638
1	204	6782
1	3060	4001
1	19	6599
1	220	3403
1	990	6736
1	19	3725
1	5901	5149
1	712	2366
1	1880	6070
1	5037	6583
1	3062	3403
1	6589	6673
1	6824	4380
1	4417	3170
1	3328	4001
1	1205	6659
1	68	1067
1	1880	3983
1	1957	3738
1	6604	8129
1	264	284
1	1941	6555
1	1387	6652
1	98	2682
1	1685	6178
1	5037	5901
1	2322	6569
1	3060	6671
1	6568	6555
1	3738	6788
1	58	5703
1	68	90
1	712	2408
1	6308	6673
1	72	3704
1	250	4262
1	2366	5339
1	72	6570
1	2991	1957
1	1794	6665
1	1813	6577
1	615	6600
1	516	5259
1	2923	6753
1	4484	6606
1	319	6613
1	531	6580
1	2897	6554
1	6006	6640
1	1060	6673
1	3738	6793
1	3738	6598
1	72	1157
1	245	6623
2	5343	5366
2	1139	5945
2	6574	6589
2	1156	6737
2	410	5259
2	6563	7147
2	1036	1794
2	2359	4927
2	319	6666
2	1156	1882
2	5200	6646
2	6656	3617
2	3752	6737
2	3725	6769
2	4067	6577
2	7020	5037
2	1748	6178
2	6652	5037
2	3626	6663
2	4380	6666
2	2461	6571
2	4001	6178
2	5851	3172
2	49	6653
2	49	5200
2	5037	6654
2	3021	5037
2	3704	4827
2	319	6772
2	2161	6786
2	158	6174
2	3413	5037
2	5037	6556
2	158	3869
2	1157	840
2	2366	6786
2	6178	3030
2	5037	5414
2	1305	6573
2	103	6666
2	2250	6617
2	5656	6738
2	2682	5037
2	6600	6613
2	2575	6610
2	1973	3172
2	284	284
2	514	6583
2	55	6578
2	410	2435
2	1059	6569
2	55	1053
2	55	6670
2	49	6685
2	884	6601
2	1887	6983
2	1794	6178
2	6589	5491
2	1387	6636
2	2056	4104
2	3062	4169
2	5229	2418
2	1553	5372
2	3272	6630
2	6178	6569
2	72	4705
2	4941	3050
2	905	6571
2	3060	6556
2	5656	6577
2	264	5938
2	4579	6607
2	3062	6737
2	3154	5334
2	6604	4444
2	5037	6646
2	6563	2897
2	4484	6624
2	1036	6569
2	840	6600
2	2911	6176
2	3172	477
2	6781	3298
2	3062	6767
2	2706	6657
2	2293	4616
2	6605	6178
2	3060	5922
2	5900	3704
2	3651	4640
2	5922	6632
2	4559	4484
2	2418	6573
2	887	6610
2	1059	2682
2	2638	6648
2	221	3346
2	3472	2682
2	3651	5729
2	2759	7455
2	3356	6592
2	5037	6927
2	6178	6683
2	1957	6308
2	2635	6662
2	3192	5027
2	72	615
2	1156	5200
2	4001	6646
2	102	4001
2	4586	2366
2	3797	6737
2	4445	6784
2	6578	6178
2	5259	5259
2	3803	4952
2	72	6569
2	6610	3214
2	270	6178
2	1297	3664
2	4394	5398
2	5945	5037
2	4076	5414
2	158	5259
2	1036	6805
2	3738	6781
2	665	3783
2	6449	6815
2	92	6610
2	445	6580
2	48	6657
2	3097	6636
2	113	6767
2	3738	6580
2	7159	6604
2	6658	6810
2	2418	6762
2	4484	6797
2	2881	6721
2	6834	3403
2	1685	6569
2	6070	2387
2	3520	5854
2	1423	4001
2	72	6555
2	2682	5037
2	370	4015
2	3803	5673
2	1794	3172
2	4379	5601
2	6449	4445
2	3065	6748
2	3050	6569
2	6688	6750
2	4654	3403
2	1000	6636
2	2366	3848
2	2745	3869
2	220	3704
2	6610	6575
2	6623	6613
2	2926	5037
2	3739	5784
2	3651	3172
2	87	7017
2	3738	370
2	4173	6178
2	774	4867
2	1156	6584
2	660	3803
2	6569	975
2	90	6674
2	4223	6937
2	6596	6449
2	3356	6449
2	4001	270
2	5845	5660
2	284	6925
2	6582	6972
2	68	3778
2	1892	6578
2	6063	5845
2	2322	7147
2	3639	6600
2	6233	270
2	3639	5156
2	1887	5601
2	6598	2923
2	3151	5702
2	3651	6640
2	1957	6610
2	2366	6712
2	979	6750
2	5448	6574
2	5601	3869
2	6613	5274
2	3328	4760
2	370	7029
2	5461	6713
2	587	5259
2	3062	4507
2	6140	92
2	6424	6770
2	6975	5107
2	8086	6742
2	6146	5037
2	3738	3651
2	82	4161
2	3060	5729
2	55	6632
2	2165	6449
2	5808	6761
2	540	3651
2	1156	6779
2	6575	6170
2	5259	6572
2	1957	6584
2	2502	6808
2	1200	6030
2	1892	615
2	6623	6146
2	8136	6561
2	68	2923
2	3678	6672
2	1960	6666
2	3109	6672
2	2926	5037
2	3030	6571
2	1156	6575
2	1957	1464
2	3752	6555
2	2461	4484
2	1821	5184
2	883	3752
2	476	6709
2	6686	6590
2	6582	6771
2	6686	6588
2	3738	4444
2	3437	6449
2	1156	3704
2	5037	3859
2	4241	6573
2	652	370
2	8136	6637
2	72	6449
2	2479	6449
2	2193	6569
2	5037	5037
2	5037	6615
2	842	2822
2	5533	319
2	1387	1957
2	2215	6972
2	72	5016
2	6590	4481
2	55	3783
2	1156	4001
2	3752	6609
2	6623	6648
2	72	6569
2	2822	2682
2	1696	6655
2	6372	6569
2	5845	4427
2	1812	6598
2	2523	3983
2	3302	5417
2	3009	5037
2	6449	2682
2	712	5945
2	3054	4900
2	5499	5339
2	6652	6582
2	1595	7017
2	6654	6689
2	6828	5339
2	840	6600
2	3734	6734
2	1941	6751
2	2440	2589
2	4897	5037
2	92	5229
2	3060	6654
2	5874	6557
2	6598	6741
2	68	6975
2	2682	3617
2	3389	55
2	5702	3783
2	3403	6605
2	2418	6636
2	395	1794
2	6178	6643
2	2440	6108
2	5229	6178
2	270	4484
2	1957	6555
2	615	3060
2	250	5259
2	3172	6589
2	4664	4427
2	3848	6680
2	5229	6583
2	68	6702
2	264	3664
2	6569	6583
2	6178	6563
2	3752	6556
2	6757	1294
2	2934	5037
2	2699	5660
2	4341	6975
2	4484	6607
2	49	6642
2	72	4380
2	4380	2934
2	3170	3154
2	3060	6573
2	72	6030
2	774	6006
2	3062	6778
2	3738	6006
2	615	842
2	6569	4500
2	72	6657
2	6611	6593
2	3030	6979
2	4001	6658
2	6084	6555
2	6574	6808
2	975	6782
2	1044	6795
2	6598	4746
2	4444	1577
2	6627	7017
2	3842	5601
2	5107	6559
2	5901	3009
2	6645	6657
2	3060	2440
2	2216	6646
2	1957	4241
2	3704	6308
2	2682	6768
2	5391	1553
2	395	6804
2	6559	6573
2	72	6675
2	49	6925
2	4265	6569
2	2923	5037
2	3065	5229
2	1156	5037
2	5229	5259
2	221	6679
2	6585	6030
2	51	5929
2	712	6557
2	6948	6583
2	55	6712
2	370	6834
2	370	6601
2	2366	6084
2	975	1067
2	250	6656
2	6251	5200
2	5648	2366
2	1156	6562
2	615	6972
2	4258	6664
2	4353	6953
2	370	6128
2	3092	6562
2	4077	6636
2	4731	5037
2	514	6562
2	6630	6970
2	5037	5673
2	3403	4559
2	4001	6710
2	2056	6595
2	6178	5414
2	831	3651
2	2682	6653
2	6577	6734
2	319	7029
2	3582	7013
2	4015	6569
2	885	6684
2	2682	7017
2	3172	6569
2	5037	2215
2	891	2682
2	4001	6657
2	370	2418
2	55	6579
2	113	6679
2	5261	6595
2	5037	6569
2	6084	270
2	1794	3272
2	1748	4484
2	2947	5259
2	395	4050
2	3704	6601
2	1503	6178
2	3058	6656
2	1156	2402
2	6671	6580
2	92	3734
2	1897	6631
2	49	6701
2	6449	6666
2	6569	6704
2	1882	5639
2	380	6584
2	975	5477
2	1156	6070
2	6590	5648
2	5259	2682
2	284	6637
2	514	6654
2	5702	2844
2	2056	6581
2	2366	587
2	158	5229
2	6732	6555
2	72	2408
2	3734	4444
2	72	5901
2	4445	4484
2	2366	6178
2	1957	2418
2	6582	4542
2	3042	6178
2	362	5414
2	4703	6178
2	3403	6669
2	5601	6700
2	5200	6970
2	2635	3062
2	1387	6352
2	72	6622
2	4731	6559
2	370	6555
2	92	6710
2	6709	6259
2	1205	990
2	364	5156
2	4198	6587
2	5037	5037
2	1812	4015
2	49	6655
2	3738	6569
2	49	5037
2	4498	3803
2	28	5790
2	264	6623
2	5038	6577
2	6146	6449
2	3172	6644
2	1503	5197
2	5825	6982
2	270	5037
2	5210	4173
2	712	6604
2	3060	6658
2	1748	2934
2	6623	6571
2	2991	6665
2	3065	6758
2	2575	6598
2	5229	6613
2	3639	6585
2	419	4731
2	395	6623
2	3009	6978
2	1297	4772
2	3403	6571
2	2402	4595
2	1892	6730
2	4214	5142
2	2288	3651
2	1200	6672
2	6623	6569
2	3021	6672
2	5090	5156
2	2923	3060
2	842	6633
2	1156	4245
2	1156	6582
2	6781	6668
2	6654	6683
2	5142	6510
2	652	6603
2	2366	6646
2	6178	3704
2	2972	5169
2	1139	6639
2	101	6716
2	3062	6575
2	6259	5037
2	5274	6722
2	6082	6642
2	1200	6609
2	4386	6584
2	6578	6671
2	6569	6611
2	2031	5605
2	514	6600
2	4445	6617
2	6449	4198
2	6146	6555
2	1957	6170
2	2366	3848
2	4445	5854
2	1564	6610
2	975	5901
2	6610	6740
2	6569	6557
2	6577	5945
2	4050	6592
2	3914	5038
2	3030	5037
2	6663	3009
2	49	6564
2	975	5200
2	4380	511
2	72	4394
2	544	6578
2	2366	3522
2	975	6595
2	5037	3062
2	6718	6580
2	2366	4952
2	519	2019
2	1348	4001
2	2787	4484
2	5037	6615
2	975	6178
2	1403	6638
2	2934	6747
2	3060	6610
2	6030	6146
2	4445	6828
2	1887	90
2	49	6646
2	1748	6611
2	3366	6782
2	2958	6575
2	395	6600
2	2019	2440
2	1403	4001
2	4481	7013
2	49	3803
2	6610	6655
2	6593	6589
2	3803	1397
2	3176	270
2	2663	3704
2	1957	5601
2	8135	5520
2	1957	6662
2	7030	72
2	1423	5229
2	6982	2546
2	1305	6615
2	3651	3062
2	4897	6823
2	3803	6178
2	2623	6584
2	3639	2523
2	82	6649
2	6574	6817
2	6558	6178
2	3738	4067
2	410	6084
2	250	3738
2	6774	6768
2	1685	6826
2	6424	1243
2	240	6574
2	72	6632
2	3738	5494
2	2682	6772
2	975	6569
2	3403	6178
2	4722	6582
2	364	4103
2	55	370
2	3175	6674
2	6006	6575
2	1091	6569
2	712	72
2	72	4285
2	399	3752
2	3172	3491
2	2440	5923
2	917	6623
2	1882	5156
2	6178	4394
2	6783	5016
2	49	5702
2	5376	6569
2	5334	6623
2	5468	4327
2	49	6449
2	438	6684
2	514	3639
2	4900	5259
2	6660	6600
2	5417	4001
2	3060	6611
2	712	2461
2	2124	5746
2	1139	6600
2	3842	3738
2	4507	6582
2	3738	6652
2	4067	6449
2	1156	6571
2	4001	6715
2	3030	4380
2	3176	6822
2	48	4772
2	2897	2195
2	1389	6797
2	8157	3704
2	3272	6562
2	5259	6666
2	4760	4173
2	1748	5259
2	19	8128
2	3658	6598
2	3639	6596
2	5929	6950
2	1423	4880
2	6006	5689
2	653	5037
2	204	6610
2	6178	6797
2	3664	6976
2	6146	4484
2	975	4487
2	5229	6611
2	3608	6601
2	49	6449
2	3785	1880
2	72	6596
2	3172	6571
2	1852	6655
2	362	2250
2	3738	6611
2	2461	3869
2	2897	1464
2	1059	6579
2	4086	6579
2	4325	5414
2	2682	6700
2	1044	6639
2	4664	4927
2	975	5037
2	1156	6582
2	6178	599
2	3752	2440
2	2165	3060
2	477	6676
2	2165	6801
2	1397	4542
2	58	6604
2	1156	6684
2	1348	6559
2	3060	3260
2	370	6709
2	6638	6569
2	6653	4198
2	2250	5901
2	72	6636
2	6178	4067
2	1960	2759
2	3545	2759
2	3738	3759
2	58	5264
2	3019	270
2	3009	6646
2	1812	4293
2	3042	6449
2	2682	6582
2	6610	2699
2	2371	6555
2	615	6674
2	3869	6970
2	3651	6569
2	4707	6555
2	3275	3664
2	3001	3859
2	1386	6569
2	2682	6970
2	5901	4078
2	6577	2546
2	5729	409
2	3658	5319
2	3752	3899
2	5477	6978
2	5261	6595
2	6308	5830
2	6642	6580
2	4401	6557
2	2366	6703
2	4899	3651
2	1957	6569
2	4086	2401
2	1306	477
2	5200	6571
2	5312	7013
2	1517	6680
2	87	5229
2	5461	6763
2	1156	5037
2	245	2934
2	6624	5037
2	3888	3062
2	4001	5037
2	5259	6970
2	2972	3869
2	2579	6671
2	6178	5259
2	5037	6561
2	284	6682
2	5312	6711
2	5414	6555
2	3738	6676
2	6600	3177
2	1812	6653
2	72	6980
2	90	6580
2	6825	6596
2	72	4103
2	5901	4579
2	3060	6178
2	6558	6719
2	3803	6781
2	3790	6771
2	2934	3491
2	3738	1957
2	6555	3752
2	6557	5037
2	3881	6449
2	3060	6559
2	5632	6556
2	511	4900
2	4572	6681
2	2440	6369
2	5016	6972
2	5142	2435
2	4830	6666
2	2682	6604
2	55	1156
2	1205	842
2	1397	6590
2	92	6636
2	3725	6575
2	6658	6632
2	1973	6970
2	4067	6677
2	6610	3491
2	2165	4001
2	1397	5037
2	370	2822
2	2361	3030
2	2461	4723
2	364	6980
2	370	6600
2	6449	6268
2	4285	6570
2	652	3121
2	3328	1979
2	49	7147
2	6578	4394
2	1386	5259
2	6574	3060
2	90	6424
2	615	5259
2	4245	6615
2	2461	6301
2	3302	990
2	68	6577
2	3062	6449
2	3639	92
2	264	6656
2	6094	1784
2	4654	2461
2	6146	6800
2	7350	1205
2	3651	270
2	5156	3763
2	4285	6622
2	49	6589
2	5854	6178
2	1044	3272
2	5037	6661
2	512	6642
2	3272	5901
2	6176	6633
2	1685	6178
2	6232	4340
2	6663	6970
2	2461	6601
2	3869	6577
2	3030	90
2	3054	2897
2	89	6699
2	3738	370
2	1000	6779
2	6714	6678
2	3778	6653
2	264	5601
2	4279	6178
2	55	6583
2	6369	615
2	3109	6006
2	6569	6178
2	3060	5901
2	6563	2663
2	3738	6259
2	284	3658
2	6449	6767
2	6561	6569
2	2366	6642
2	5468	6611
2	6556	7013
2	975	6600
2	5037	5037
2	1044	6656
2	250	5691
2	6575	6369
2	204	6706
2	615	6660
2	1464	4327
2	5691	4086
2	1508	6683
2	7440	4699
2	1156	4103
2	6738	3062
2	3172	6639
2	2250	6094
2	6646	1957
2	1748	6562
2	975	6646
2	1852	2366
2	840	2359
2	1957	1313
2	6598	5000
2	3272	6731
2	6308	6178
2	3394	6699
2	3175	6653
2	3630	6600
2	6424	6611
2	4722	6611
2	1418	6572
2	4538	6595
2	5142	6178
2	5461	6590
2	72	4379
2	6556	6571
2	2558	6604
2	3738	6610
2	1957	1423
2	2682	3752
2	1397	6766
2	1369	6598
2	842	6583
2	587	6569
2	245	6178
2	3292	6562
2	3060	6585
2	4161	6635
2	6146	6178
2	4445	5494
2	72	6666
2	4379	6763
2	1960	7151
2	6561	6797
2	615	6702
2	6308	3651
2	3593	6555
2	1957	6748
2	319	6562
2	3752	399
2	2366	6574
2	5037	3089
2	6555	5037
2	419	6658
2	3272	6979
2	6561	6680
2	2004	4265
2	3869	2206
2	2366	1423
2	2923	2056
2	5156	6178
2	250	4464
2	1060	5037
2	1794	653
2	6555	3651
2	5477	8157
2	215	2706
2	1748	3639
2	4731	6655
2	3664	4333
2	6572	270
2	7147	4243
2	6610	5376
2	1123	6569
2	6555	6971
2	3738	6601
2	364	5656
2	3060	6598
2	370	6613
2	6652	6600
2	7030	6600
2	55	6176
2	1423	6601
2	264	5343
2	72	6623
2	49	2124
2	3170	6763
2	6557	6583
2	6491	5461
2	979	1059
2	3639	5702
2	3021	5200
2	6600	6555
2	1979	4664
2	4760	6636
2	6659	6654
2	4077	3545
2	3060	6671
2	6592	6569
2	2031	2250
2	5149	6782
2	5142	6679
2	6636	3734
2	1960	6681
2	3302	6675
2	2461	5784
2	1685	6557
2	3175	6569
2	6555	5210
2	4100	4484
2	2098	6613
2	3060	3736
2	3328	6634
2	6636	6574
2	2747	4484
2	49	6569
2	6982	3704
2	395	4770
2	3664	5259
2	4270	2682
2	6557	8157
2	7013	6629
2	51	5414
2	1403	250
2	990	6654
2	5376	7018
2	2215	6579
2	6574	6569
2	2215	5197
2	4481	6764
2	2031	5383
2	380	6369
2	6146	5259
2	72	3752
2	3738	6660
2	2703	6667
2	760	6820
2	3738	3869
2	5037	6677
2	6569	6622
2	1067	6623
2	49	6721
2	630	5037
2	2787	3778
2	5343	6978
2	1973	6666
2	6560	6604
2	2947	6680
2	3778	5259
2	4245	6590
2	6579	2124
2	1348	55
2	250	6574
2	1397	4340
2	6569	158
2	5210	3403
2	6769	3021
2	3062	6006
2	5901	6622
2	3060	2056
2	4245	6178
2	723	4380
2	6178	6178
2	6604	6259
2	3191	5229
2	4076	2408
2	2682	6178
2	2250	270
2	1059	6610
2	3154	6655
2	3738	6569
2	3803	6642
2	3778	6739
2	5200	6571
2	6616	6734
2	5788	4001
2	3651	6598
2	3054	3272
2	3260	6629
2	2440	6735
2	6559	1595
2	2579	5477
2	1696	5929
2	840	3704
2	1306	6646
2	6176	6666
2	6178	6664
2	6809	5200
2	6259	239
2	3738	2682
2	5854	6555
2	6561	5037
2	3980	5825
2	2031	6831
2	5929	6556
2	4379	6561
2	158	6662
2	1403	6178
2	6575	6611
2	4161	5200
2	3493	6178
2	28	270
2	4032	6970
2	3009	6977
2	2897	6610
2	587	6815
2	2002	6586
2	6178	6670
2	271	6449
2	90	6555
2	3030	6703
2	87	3639
2	3639	1044
2	630	4279
2	4379	6610
2	3869	6581
2	1148	2408
2	98	3175
2	5037	5259
2	1960	4243
2	2461	6063
2	6562	6595
2	2031	6598
2	55	6781
2	1156	4484
2	5229	6259
2	6558	2250
2	6659	6178
2	4394	2056
2	6176	6799
2	72	4484
2	1685	5229
2	2706	7031
2	842	2408
2	72	6580
2	3172	4484
2	395	3639
2	6579	5601
2	3042	4444
2	6669	2250
2	4380	4394
2	831	6601
2	840	6649
2	4310	3060
2	2589	7097
2	3617	6555
2	4333	840
2	3738	6699
2	6758	6636
2	1000	4077
2	3260	6268
2	1067	6632
2	2293	380
2	1384	6569
2	5037	6679
2	3746	6569
2	5784	6557
2	1059	6680
2	5037	6796
2	5090	5027
2	1156	5477
2	3009	6662
2	4445	6734
2	1200	5037
2	1369	6637
2	665	1205
2	1527	7019
2	5037	6637
2	284	6638
2	6646	5142
2	6308	158
2	6582	5037
2	5175	3009
2	4001	6582
2	1041	3777
2	364	6449
2	6598	6653
2	3639	6739
2	1957	6584
2	4408	6688
2	3869	6569
2	90	5037
2	1685	6653
2	1957	5107
2	5175	6117
2	1957	7013
2	3738	6308
2	410	1059
2	3425	6559
2	6146	6449
2	6975	6170
2	5259	6600
2	1306	6555
2	395	3738
2	1156	6178
2	7020	4137
2	3752	6709
2	3752	6645
2	3752	7017
2	5037	6645
2	615	5037
2	1386	6610
2	5847	6559
2	3927	1564
2	3989	1941
2	4173	3651
2	4664	6555
2	3721	6642
2	2366	6557
2	6830	6570
2	1059	6573
2	2401	6778
2	2019	990
2	6598	1794
2	6006	7147
2	2435	3927
2	4664	3626
2	4595	6178
2	1794	3060
2	72	5312
2	51	6561
2	5031	6449
2	1731	6558
2	370	6636
2	4941	6734
2	883	1892
2	1887	3172
2	1200	6565
2	3062	2846
2	2165	5037
2	3030	6611
2	55	5494
2	2366	1685
2	1059	3030
2	72	6178
2	2663	270
2	1957	6178
2	3060	3403
2	4001	3783
2	4498	6646
2	652	6972
2	6631	409
2	3042	3842
2	3030	6569
2	98	3170
2	49	6760
2	6178	3869
2	587	6634
2	4484	6686
2	1297	5945
2	1892	6652
2	990	6569
2	6623	4664
2	3725	4001
2	2638	3009
2	5229	2682
2	4952	6684
2	5037	5784
2	72	4001
2	3060	6705
2	72	4444
2	2206	6308
2	2195	5259
2	2366	3738
2	5656	6737
2	4198	6783
2	6575	3060
2	3869	2195
2	2703	5923
2	3021	6972
2	2288	6822
2	6600	6178
2	72	3734
2	3060	5601
2	72	5210
2	419	4760
2	4050	6657
2	6604	6600
2	2418	6343
2	1880	6178
2	3389	6674
2	3172	3797
2	6587	5016
2	6652	2638
2	270	6972
2	3089	6984
2	6679	6648
2	364	6760
2	4897	72
2	319	6802
2	3842	5031
2	5702	3664
2	3738	2947
2	1887	3651
2	5037	6673
2	1234	6743
2	1794	5691
2	4001	6559
2	6970	6736
2	3651	6631
2	1348	6656
2	3060	6555
2	652	3272
2	2461	6424
2	6449	4772
2	587	6979
2	4001	2056
2	3738	6569
2	2947	2699
2	1059	6178
2	1892	6980
2	1205	2638
2	4664	6596
2	3121	6178
2	4001	5175
2	6449	4001
2	6559	6424
2	477	6680
2	6600	4001
2	1205	6778
2	2812	3680
2	5623	6174
2	6623	5414
2	2250	6668
2	395	1685
2	6582	6982
2	615	5414
2	6178	6971
2	5477	5851
2	1960	6654
2	72	6584
2	2003	6571
2	3683	5037
2	1059	3413
2	5691	6557
2	3593	6449
2	1059	6424
2	885	3121
2	749	6571
2	5212	5037
2	3366	5184
2	3275	3859
2	3803	3869
2	2401	3042
2	3683	6556
2	5702	6972
2	2461	4001
2	6600	6980
2	1553	3292
2	6596	3704
2	3172	2366
2	1205	6424
2	1397	4333
2	92	4001
2	92	6597
2	6569	5851
2	2579	615
2	2638	6768
2	48	6654
2	3389	4169
2	6623	6569
2	1479	6654
2	6561	6604
2	5216	6792
2	5648	6685
2	3260	6569
2	3747	6595
2	3630	6561
2	3060	4487
2	5601	6610
2	1059	6301
2	3738	6555
2	93	5808
2	3738	370
2	6569	1284
2	5656	6583
2	1156	6508
2	4875	5414
2	975	5339
2	1156	4198
2	2682	5702
2	370	6937
2	4664	5031
2	534	4198
2	6449	5343
2	5533	6653
2	3725	6654
2	4001	1397
2	6561	6178
2	1812	4880
2	270	6810
2	5037	6982
2	3738	5376
2	49	4608
2	1000	3617
2	1957	4537
2	3030	5031
2	939	6588
2	3170	5494
2	3060	5037
2	5229	6706
2	6569	4680
2	5037	6570
2	2943	2703
2	2682	3272
2	6580	6070
2	1205	6652
2	3060	270
2	842	2923
2	1957	6600
2	8154	6654
2	4427	6790
2	3526	2958
2	92	3272
2	6555	6449
2	1957	6170
2	2435	6670
2	3704	6631
2	72	6716
2	899	6629
2	5259	4001
2	1696	3403
2	4484	6666
2	3738	4842
2	5229	5414
2	2440	6669
2	1156	3651
2	1423	6569
2	3983	5533
2	6030	6675
2	72	1859
2	2366	2745
2	445	5229
2	51	6178
2	92	6178
2	975	3852
2	5259	5662
2	364	3738
2	1960	1205
2	6584	7013
2	2822	3050
2	3752	6650
2	3617	6573
2	3783	477
2	2699	6259
2	5037	5259
2	613	6595
2	6664	6610
2	3170	4386
2	49	6637
2	48	4742
2	4985	6696
2	6982	3403
2	6660	6582
2	395	4722
2	6610	6583
2	5037	6583
2	3738	3403
2	5753	5468
2	4001	3651
2	4001	6616
2	2638	5036
2	72	6307
2	3747	6745
2	840	284
2	2366	6637
2	3651	6449
2	72	6746
2	3680	5037
2	1464	6671
2	5414	5037
2	4050	1770
2	3747	370
2	3636	5703
2	1	5339
2	1059	6570
2	87	1957
2	1957	6577
2	72	6600
2	1973	6623
2	1794	6146
2	6794	6580
2	3060	6623
2	3170	6709
