5343	5366
1139	5945
6574	6589
1156	6737
410	5259
6563	7147
1036	1794
2359	4927
319	6666
1156	1882
5200	6646
6656	3617
3752	6737
3725	6769
4067	6577
7020	5037
1748	6178
6652	5037
3626	6663
4380	6666
2461	6571
4001	6178
5851	3172
49	6653
49	5200
5037	6654
3021	5037
3704	4827
319	6772
2161	6786
158	6174
3413	5037
5037	6556
158	3869
1157	840
2366	6786
6178	3030
5037	5414
1305	6573
103	6666
2250	6617
5656	6738
2682	5037
6600	6613
2575	6610
1973	3172
284	284
514	6583
55	6578
410	2435
1059	6569
55	1053
55	6670
49	6685
884	6601
1887	6983
1794	6178
6589	5491
1387	6636
2056	4104
3062	4169
5229	2418
1553	5372
3272	6630
6178	6569
72	4705
4941	3050
905	6571
3060	6556
5656	6577
264	5938
4579	6607
3062	6737
3154	5334
6604	4444
5037	6646
6563	2897
4484	6624
1036	6569
840	6600
2911	6176
3172	477
6781	3298
3062	6767
2706	6657
2293	4616
6605	6178
3060	5922
5900	3704
3651	4640
5922	6632
4559	4484
2418	6573
887	6610
1059	2682
2638	6648
221	3346
3472	2682
3651	5729
2759	7455
3356	6592
5037	6927
6178	6683
1957	6308
2635	6662
3192	5027
72	615
1156	5200
4001	6646
102	4001
4586	2366
3797	6737
4445	6784
6578	6178
5259	5259
3803	4952
72	6569
6610	3214
270	6178
1297	3664
4394	5398
5945	5037
4076	5414
158	5259
1036	6805
3738	6781
665	3783
6449	6815
92	6610
445	6580
48	6657
3097	6636
113	6767
3738	6580
7159	6604
6658	6810
2418	6762
4484	6797
2881	6721
6834	3403
1685	6569
6070	2387
3520	5854
1423	4001
72	6555
2682	5037
370	4015
3803	5673
1794	3172
4379	5601
6449	4445
3065	6748
3050	6569
6688	6750
4654	3403
1000	6636
2366	3848
2745	3869
220	3704
6610	6575
6623	6613
2926	5037
3739	5784
3651	3172
87	7017
3738	370
4173	6178
774	4867
1156	6584
660	3803
6569	975
90	6674
4223	6937
6596	6449
3356	6449
4001	270
5845	5660
284	6925
6582	6972
68	3778
1892	6578
6063	5845
2322	7147
3639	6600
6233	270
3639	5156
1887	5601
6598	2923
3151	5702
3651	6640
1957	6610
2366	6712
979	6750
5448	6574
5601	3869
6613	5274
3328	4760
370	7029
5461	6713
587	5259
3062	4507
6140	92
6424	6770
6975	5107
8086	6742
6146	5037
3738	3651
82	4161
3060	5729
55	6632
2165	6449
5808	6761
540	3651
1156	6779
6575	6170
5259	6572
1957	6584
2502	6808
1200	6030
1892	615
6623	6146
8136	6561
68	2923
3678	6672
1960	6666
3109	6672
2926	5037
3030	6571
1156	6575
1957	1464
3752	6555
2461	4484
1821	5184
883	3752
476	6709
6686	6590
6582	6771
6686	6588
3738	4444
3437	6449
1156	3704
5037	3859
4241	6573
652	370
8136	6637
72	6449
2479	6449
2193	6569
5037	5037
5037	6615
842	2822
5533	319
1387	1957
2215	6972
72	5016
6590	4481
55	3783
1156	4001
3752	6609
6623	6648
72	6569
2822	2682
1696	6655
6372	6569
5845	4427
1812	6598
2523	3983
3302	5417
3009	5037
6449	2682
712	5945
3054	4900
5499	5339
6652	6582
1595	7017
6654	6689
6828	5339
840	6600
3734	6734
1941	6751
2440	2589
4897	5037
92	5229
3060	6654
5874	6557
6598	6741
68	6975
2682	3617
3389	55
5702	3783
3403	6605
2418	6636
395	1794
6178	6643
2440	6108
5229	6178
270	4484
1957	6555
615	3060
250	5259
3172	6589
4664	4427
3848	6680
5229	6583
68	6702
264	3664
6569	6583
6178	6563
3752	6556
6757	1294
2934	5037
2699	5660
4341	6975
4484	6607
49	6642
72	4380
4380	2934
3170	3154
3060	6573
72	6030
774	6006
3062	6778
3738	6006
615	842
6569	4500
72	6657
6611	6593
3030	6979
4001	6658
6084	6555
6574	6808
975	6782
1044	6795
6598	4746
4444	1577
6627	7017
3842	5601
5107	6559
5901	3009
6645	6657
3060	2440
2216	6646
1957	4241
3704	6308
2682	6768
5391	1553
395	6804
6559	6573
72	6675
49	6925
4265	6569
2923	5037
3065	5229
1156	5037
5229	5259
221	6679
6585	6030
51	5929
712	6557
6948	6583
55	6712
370	6834
370	6601
2366	6084
975	1067
250	6656
6251	5200
5648	2366
1156	6562
615	6972
4258	6664
4353	6953
370	6128
3092	6562
4077	6636
4731	5037
514	6562
6630	6970
5037	5673
3403	4559
4001	6710
2056	6595
6178	5414
831	3651
2682	6653
6577	6734
319	7029
3582	7013
4015	6569
885	6684
2682	7017
3172	6569
5037	2215
891	2682
4001	6657
370	2418
55	6579
113	6679
5261	6595
5037	6569
6084	270
1794	3272
1748	4484
2947	5259
395	4050
3704	6601
1503	6178
3058	6656
1156	2402
6671	6580
92	3734
1897	6631
49	6701
6449	6666
6569	6704
1882	5639
380	6584
975	5477
1156	6070
6590	5648
5259	2682
284	6637
514	6654
5702	2844
2056	6581
2366	587
158	5229
6732	6555
72	2408
3734	4444
72	5901
4445	4484
2366	6178
1957	2418
6582	4542
3042	6178
362	5414
4703	6178
3403	6669
5601	6700
5200	6970
2635	3062
1387	6352
72	6622
4731	6559
370	6555
92	6710
6709	6259
1205	990
364	5156
4198	6587
5037	5037
1812	4015
49	6655
3738	6569
49	5037
4498	3803
28	5790
264	6623
5038	6577
6146	6449
3172	6644
1503	5197
5825	6982
270	5037
5210	4173
712	6604
3060	6658
1748	2934
6623	6571
2991	6665
3065	6758
2575	6598
5229	6613
3639	6585
419	4731
395	6623
3009	6978
1297	4772
3403	6571
2402	4595
1892	6730
4214	5142
2288	3651
1200	6672
6623	6569
3021	6672
5090	5156
2923	3060
842	6633
1156	4245
1156	6582
6781	6668
6654	6683
5142	6510
652	6603
2366	6646
6178	3704
2972	5169
1139	6639
101	6716
3062	6575
6259	5037
5274	6722
6082	6642
1200	6609
4386	6584
6578	6671
6569	6611
2031	5605
514	6600
4445	6617
6449	4198
6146	6555
1957	6170
2366	3848
4445	5854
1564	6610
975	5901
6610	6740
6569	6557
6577	5945
4050	6592
3914	5038
3030	5037
6663	3009
49	6564
975	5200
4380	511
72	4394
544	6578
2366	3522
975	6595
5037	3062
6718	6580
2366	4952
519	2019
1348	4001
2787	4484
5037	6615
975	6178
1403	6638
2934	6747
3060	6610
6030	6146
4445	6828
1887	90
49	6646
1748	6611
3366	6782
2958	6575
395	6600
2019	2440
1403	4001
4481	7013
49	3803
6610	6655
6593	6589
3803	1397
3176	270
2663	3704
1957	5601
8135	5520
1957	6662
7030	72
1423	5229
6982	2546
1305	6615
3651	3062
4897	6823
3803	6178
2623	6584
3639	2523
82	6649
6574	6817
6558	6178
3738	4067
410	6084
250	3738
6774	6768
1685	6826
6424	1243
240	6574
72	6632
3738	5494
2682	6772
975	6569
3403	6178
4722	6582
364	4103
55	370
3175	6674
6006	6575
1091	6569
712	72
72	4285
399	3752
3172	3491
2440	5923
917	6623
1882	5156
6178	4394
6783	5016
49	5702
5376	6569
5334	6623
5468	4327
49	6449
438	6684
514	3639
4900	5259
6660	6600
5417	4001
3060	6611
712	2461
2124	5746
1139	6600
3842	3738
4507	6582
3738	6652
4067	6449
1156	6571
4001	6715
3030	4380
3176	6822
48	4772
2897	2195
1389	6797
8157	3704
3272	6562
5259	6666
4760	4173
1748	5259
19	8128
3658	6598
3639	6596
5929	6950
1423	4880
6006	5689
653	5037
204	6610
6178	6797
3664	6976
6146	4484
975	4487
5229	6611
3608	6601
49	6449
3785	1880
72	6596
3172	6571
1852	6655
362	2250
3738	6611
2461	3869
2897	1464
1059	6579
4086	6579
4325	5414
2682	6700
1044	6639
4664	4927
975	5037
1156	6582
6178	599
3752	2440
2165	3060
477	6676
2165	6801
1397	4542
58	6604
1156	6684
1348	6559
3060	3260
370	6709
6638	6569
6653	4198
2250	5901
72	6636
6178	4067
1960	2759
3545	2759
3738	3759
58	5264
3019	270
3009	6646
1812	4293
3042	6449
2682	6582
6610	2699
2371	6555
615	6674
3869	6970
3651	6569
4707	6555
3275	3664
3001	3859
1386	6569
2682	6970
5901	4078
6577	2546
5729	409
3658	5319
3752	3899
5477	6978
5261	6595
6308	5830
6642	6580
4401	6557
2366	6703
4899	3651
1957	6569
4086	2401
1306	477
5200	6571
5312	7013
1517	6680
87	5229
5461	6763
1156	5037
245	2934
6624	5037
3888	3062
4001	5037
5259	6970
2972	3869
2579	6671
6178	5259
5037	6561
284	6682
5312	6711
5414	6555
3738	6676
6600	3177
1812	6653
72	6980
90	6580
6825	6596
72	4103
5901	4579
3060	6178
6558	6719
3803	6781
3790	6771
2934	3491
3738	1957
6555	3752
6557	5037
3881	6449
3060	6559
5632	6556
511	4900
4572	6681
2440	6369
5016	6972
5142	2435
4830	6666
2682	6604
55	1156
1205	842
1397	6590
92	6636
3725	6575
6658	6632
1973	6970
4067	6677
6610	3491
2165	4001
1397	5037
370	2822
2361	3030
2461	4723
364	6980
370	6600
6449	6268
4285	6570
652	3121
3328	1979
49	7147
6578	4394
1386	5259
6574	3060
90	6424
615	5259
4245	6615
2461	6301
3302	990
68	6577
3062	6449
3639	92
264	6656
6094	1784
4654	2461
6146	6800
7350	1205
3651	270
5156	3763
4285	6622
49	6589
5854	6178
1044	3272
5037	6661
512	6642
3272	5901
6176	6633
1685	6178
6232	4340
6663	6970
2461	6601
3869	6577
3030	90
3054	2897
89	6699
3738	370
1000	6779
6714	6678
3778	6653
264	5601
4279	6178
55	6583
6369	615
3109	6006
6569	6178
3060	5901
6563	2663
3738	6259
284	3658
6449	6767
6561	6569
2366	6642
5468	6611
6556	7013
975	6600
5037	5037
1044	6656
250	5691
6575	6369
204	6706
615	6660
1464	4327
5691	4086
1508	6683
7440	4699
1156	4103
6738	3062
3172	6639
2250	6094
6646	1957
1748	6562
975	6646
1852	2366
840	2359
1957	1313
6598	5000
3272	6731
6308	6178
3394	6699
3175	6653
3630	6600
6424	6611
4722	6611
1418	6572
4538	6595
5142	6178
5461	6590
72	4379
6556	6571
2558	6604
3738	6610
1957	1423
2682	3752
1397	6766
1369	6598
842	6583
587	6569
245	6178
3292	6562
3060	6585
4161	6635
6146	6178
4445	5494
72	6666
4379	6763
1960	7151
6561	6797
615	6702
6308	3651
3593	6555
1957	6748
319	6562
3752	399
2366	6574
5037	3089
6555	5037
419	6658
3272	6979
6561	6680
2004	4265
3869	2206
2366	1423
2923	2056
5156	6178
250	4464
1060	5037
1794	653
6555	3651
5477	8157
215	2706
1748	3639
4731	6655
3664	4333
6572	270
7147	4243
6610	5376
1123	6569
6555	6971
3738	6601
364	5656
3060	6598
370	6613
6652	6600
7030	6600
55	6176
1423	6601
264	5343
72	6623
49	2124
3170	6763
6557	6583
6491	5461
979	1059
3639	5702
3021	5200
6600	6555
1979	4664
4760	6636
6659	6654
4077	3545
3060	6671
6592	6569
2031	2250
5149	6782
5142	6679
6636	3734
1960	6681
3302	6675
2461	5784
1685	6557
3175	6569
6555	5210
4100	4484
2098	6613
3060	3736
3328	6634
6636	6574
2747	4484
49	6569
6982	3704
395	4770
3664	5259
4270	2682
6557	8157
7013	6629
51	5414
1403	250
990	6654
5376	7018
2215	6579
6574	6569
2215	5197
4481	6764
2031	5383
380	6369
6146	5259
72	3752
3738	6660
2703	6667
760	6820
3738	3869
5037	6677
6569	6622
1067	6623
49	6721
630	5037
2787	3778
5343	6978
1973	6666
6560	6604
2947	6680
3778	5259
4245	6590
6579	2124
1348	55
250	6574
1397	4340
6569	158
5210	3403
6769	3021
3062	6006
5901	6622
3060	2056
4245	6178
723	4380
6178	6178
6604	6259
3191	5229
4076	2408
2682	6178
2250	270
1059	6610
3154	6655
3738	6569
3803	6642
3778	6739
5200	6571
6616	6734
5788	4001
3651	6598
3054	3272
3260	6629
2440	6735
6559	1595
2579	5477
1696	5929
840	3704
1306	6646
6176	6666
6178	6664
6809	5200
6259	239
3738	2682
5854	6555
6561	5037
3980	5825
2031	6831
5929	6556
4379	6561
158	6662
1403	6178
6575	6611
4161	5200
3493	6178
28	270
4032	6970
3009	6977
2897	6610
587	6815
2002	6586
6178	6670
271	6449
90	6555
3030	6703
87	3639
3639	1044
630	4279
4379	6610
3869	6581
1148	2408
98	3175
5037	5259
1960	4243
2461	6063
6562	6595
2031	6598
55	6781
1156	4484
5229	6259
6558	2250
6659	6178
4394	2056
6176	6799
72	4484
1685	5229
2706	7031
842	2408
72	6580
3172	4484
395	3639
6579	5601
3042	4444
6669	2250
4380	4394
831	6601
840	6649
4310	3060
2589	7097
3617	6555
4333	840
3738	6699
6758	6636
1000	4077
3260	6268
1067	6632
2293	380
1384	6569
5037	6679
3746	6569
5784	6557
1059	6680
5037	6796
5090	5027
1156	5477
3009	6662
4445	6734
1200	5037
1369	6637
665	1205
1527	7019
5037	6637
284	6638
6646	5142
6308	158
6582	5037
5175	3009
4001	6582
1041	3777
364	6449
6598	6653
3639	6739
1957	6584
4408	6688
3869	6569
90	5037
1685	6653
1957	5107
5175	6117
1957	7013
3738	6308
410	1059
3425	6559
6146	6449
6975	6170
5259	6600
1306	6555
395	3738
1156	6178
7020	4137
3752	6709
3752	6645
3752	7017
5037	6645
615	5037
1386	6610
5847	6559
3927	1564
3989	1941
4173	3651
4664	6555
3721	6642
2366	6557
6830	6570
1059	6573
2401	6778
2019	990
6598	1794
6006	7147
2435	3927
4664	3626
4595	6178
1794	3060
72	5312
51	6561
5031	6449
1731	6558
370	6636
4941	6734
883	1892
1887	3172
1200	6565
3062	2846
2165	5037
3030	6611
55	5494
2366	1685
1059	3030
72	6178
2663	270
1957	6178
3060	3403
4001	3783
4498	6646
652	6972
6631	409
3042	3842
3030	6569
98	3170
49	6760
6178	3869
587	6634
4484	6686
1297	5945
1892	6652
990	6569
6623	4664
3725	4001
2638	3009
5229	2682
4952	6684
5037	5784
72	4001
3060	6705
72	4444
2206	6308
2195	5259
2366	3738
5656	6737
4198	6783
6575	3060
3869	2195
2703	5923
3021	6972
2288	6822
6600	6178
72	3734
3060	5601
72	5210
419	4760
4050	6657
6604	6600
2418	6343
1880	6178
3389	6674
3172	3797
6587	5016
6652	2638
270	6972
3089	6984
6679	6648
364	6760
4897	72
319	6802
3842	5031
5702	3664
3738	2947
1887	3651
5037	6673
1234	6743
1794	5691
4001	6559
6970	6736
3651	6631
1348	6656
3060	6555
652	3272
2461	6424
6449	4772
587	6979
4001	2056
3738	6569
2947	2699
1059	6178
1892	6980
1205	2638
4664	6596
3121	6178
4001	5175
6449	4001
6559	6424
477	6680
6600	4001
1205	6778
2812	3680
5623	6174
6623	5414
2250	6668
395	1685
6582	6982
615	5414
6178	6971
5477	5851
1960	6654
72	6584
2003	6571
3683	5037
1059	3413
5691	6557
3593	6449
1059	6424
885	3121
749	6571
5212	5037
3366	5184
3275	3859
3803	3869
2401	3042
3683	6556
5702	6972
2461	4001
6600	6980
1553	3292
6596	3704
3172	2366
1205	6424
1397	4333
92	4001
92	6597
6569	5851
2579	615
2638	6768
48	6654
3389	4169
6623	6569
1479	6654
6561	6604
5216	6792
5648	6685
3260	6569
3747	6595
3630	6561
3060	4487
5601	6610
1059	6301
3738	6555
93	5808
3738	370
6569	1284
5656	6583
1156	6508
4875	5414
975	5339
1156	4198
2682	5702
370	6937
4664	5031
534	4198
6449	5343
5533	6653
3725	6654
4001	1397
6561	6178
1812	4880
270	6810
5037	6982
3738	5376
49	4608
1000	3617
1957	4537
3030	5031
939	6588
3170	5494
3060	5037
5229	6706
6569	4680
5037	6570
2943	2703
2682	3272
6580	6070
1205	6652
3060	270
842	2923
1957	6600
8154	6654
4427	6790
3526	2958
92	3272
6555	6449
1957	6170
2435	6670
3704	6631
72	6716
899	6629
5259	4001
1696	3403
4484	6666
3738	4842
5229	5414
2440	6669
1156	3651
1423	6569
3983	5533
6030	6675
72	1859
2366	2745
445	5229
51	6178
92	6178
975	3852
5259	5662
364	3738
1960	1205
6584	7013
2822	3050
3752	6650
3617	6573
3783	477
2699	6259
5037	5259
613	6595
6664	6610
3170	4386
49	6637
48	4742
4985	6696
6982	3403
6660	6582
395	4722
6610	6583
5037	6583
3738	3403
5753	5468
4001	3651
4001	6616
2638	5036
72	6307
3747	6745
840	284
2366	6637
3651	6449
72	6746
3680	5037
1464	6671
5414	5037
4050	1770
3747	370
3636	5703
1	5339
1059	6570
87	1957
1957	6577
72	6600
1973	6623
1794	6146
6794	6580
3060	6623
3170	6709
