378 3.14159265358979 6.48153045139982
960 0.12000001 7.21115906251556
178 4.52000000999995 7.63796443947152
129 4.49999999999995 7.94078767363129
163 4.97999999999994 8.17567562238309
818 1.54 8.36759305058725
436 2.08 8.52985692408963
109 2.29999999999999 8.67041628474702
490 0.830000000000001 8.79439842754321
780 3.27999999999997 8.90530423349882
79 0.15 9.005630738556
105 5.64999999999992 9.09722166170298
705 1.18 9.1814771434646
394 4.26999999999995 9.25948553520536
127 5.87999999999992 9.33210961045478
226 3.81999999999996 9.40004489586275
2 4.98999999999994 9.46386028724847
861 3.81999999999996 9.52402703865894
5 2.61999999999999 9.58093990315397
233 2.61999999999999 9.63493284461455
174 4.20999999999995 9.68629091216132
14 5.36999999999993 9.73525934967174
444 1.18 9.78205067869367
867 1.55 9.82685027281871
1120 0.61 9.86982079336635
320 1.82 9.91110575458033
258 2.29999999999999 9.95083241561491
85 5.36999999999993 9.98911414632109
46 2.51999999999999 10.0260523777014
281 2.67999999999999 10.0617382215705
3181 4.64999999999995 10.0962538245421
709 1.18 10.1296735069785
48 4.21999999999995 10.1620647266277
1232 6.06999999999992 10.1934888983642
407 4.50999999999995 10.2240020950729
345 0.45 10.2536556497747
719 1.18 10.2824966752358
57 2.08 10.3105685142697
194 0.61 10.3379111315363
328 5.40999999999993 10.3645614557303
2463 3.57999999999997 10.3905536795096
179 4.48999999999995 10.4159195232771
291 4.54999999999995 10.4406884679194
6 6.17999999999991 10.4648879607875
47 2.33999999999999 10.4885435985265
831 1.5 10.5116792898094
238 0.970000000000001 10.5343174005683
424 4.45999999999995 10.5564788839344
197 1.49 10.5781833967794
973 1.6 10.5994494044821
652 5.40999999999993 10.6202942753202
2514 3.99999999999996 10.6407343656961
45 6.17999999999991 10.6607850972442
223 2.34999999999999 10.6804610267306
220 1.82 10.6997759095393
844 1.11 10.7187427574368
298 1.84 10.7373738912257
654 3.47999999999997 10.7556809888171
715 4.45999999999995 10.7736751291953
309 3.47999999999997 10.7913668326862
515 5.43999999999993 10.808766097898
488 0.08 10.8258824356578
854 5.32999999999993 10.842724900233
176 5.64999999999992 10.8593021180942
540 4.45999999999995 10.8756223144479
435 2.04 10.8916933377434
410 2.85999999999998 10.9075226823377
713 4.45999999999995 10.9231175094799
84 5.32999999999993 10.9384846667654
697 1.11 10.9536307061886
1 5.00999999999994 10.968561900917
373 1.82 10.9832842608904
154 4.18999999999996 10.9978035473455
1201 6.06999999999992 11.0121252863516
637 0.15 11.026254781438
813 1.13 11.0401971253854
231 0.63 11.0539572112458
95 2.26 11.067539742652
2455 2.04 11.0809492434704
171 1.18 11.094190066846
276 3.67999999999997 11.1072664036866
402 4.26999999999995 11.1201822906254
201 0.36 11.1329416175015
1151 6.06999999999992 11.1455481343928
243 3.84999999999996 11.1580054582317
173 5.77999999999992 11.1703170790351
581 5.33999999999993 11.1824863657731
1665 5.27999999999993 11.1945165719032
714 4.45999999999995 11.2064108405916
63 5.30999999999993 11.2181722096422
202 0.36 11.2298036161544
536 5.77999999999992 11.2413079009251
227 5.76999999999992 11.2526878126138
82 2.78999999999998 11.263946011684
316 2.08 11.2750850741372
142 3.46999999999997 11.2861074950502
52 0.73 11.2970156919297
280 6.19999999999991 11.3078120078952
355 2.93999999999998 11.3184987146994
3 6.19999999999991 11.3290780155978
144 6.15841584158416 11.3395520480748
147 2.51960784313725 11.3499228864359
530 3.58252427184466 11.3601925442731
81 2.49999999999999 11.3703629768118
1281 5.43809523809522 11.3804360831446
228 2.33962264150945 11.3904137083599
694 5.28037383177567 11.4002976455703
1766 4.64814814814813 11.4100896378464
191 5.8807339449541 11.4197913800621
1646 4.63636363636365 11.429404520655
682 1.18918918918919 11.4389306633075
257 5.7767857142857 11.4483713685526
2864 1.35398230088496 11.4577281553076
1064 0.350877192982456 11.4670025023414
175 2.11304347826086 11.4761958496769
336 2.53448275862069 11.4853095999328
1250 4.06837606837606 11.494345119608
23 3.79661016949152 11.5033037403111
108 3.47899159663865 11.5121867599383
141 4.52500000000001 11.520995443802
97 5.78512396694214 11.5297310257122
225 1.22950819672131 11.5383947090138
368 5.15447154471544 11.5469876675813
742 4.06451612903231 11.5555110467735
437 0.368 11.5639659643496
56 6.15873015873014 11.5723535113487
671 5.28346456692913 11.5806747529352
1354 0.1328125 11.5889307292099
315 4.39534883720931 11.5971224559911
432 4.8153846153846 11.6052509255636
771 3.13740458015265 11.613317107401
162 2.86363636363639 11.6213219488592
390 1.25563909774437 11.6292663758438
993 0.828358208955225 11.6371512934534
363 2.53333333333333 11.6449775865982
613 2.53676470588234 11.6527461205957
748 1.10948905109489 11.6604577417452
868 5.15217391304343 11.6681132778811
393 4.18705035971221 11.6757135389058
44 0.592857142857142 11.6832593173044
1017 1.25531914893617 11.69075138864
1019 0.0774647887323944 11.6981905120327
100 0.377622377622378 11.7055774306208
735 2.11111111111111 11.7129128720061
392 3.58620689655168 11.7201975486846
182 2.06849315068494 11.7274321584612
782 3.16326530612241 11.7346173848511
151 0.972972972972975 11.7417538974673
465 5.66442953020141 11.748842352395
1378 1.81333333333333 11.7558833925538
275 2.78807947019866 11.7628776480471
2239 1.59868421052631 11.7698257365012
511 4.58169934640521 11.7767282633919
2898 4.66233766233769 11.7835858223615
839 5.87096774193554 11.7903989955253
216 1.7051282051282 11.7971683537678
2399 4.28662420382173 11.8038944570296
840 5.65189873417724 11.8105778545861
159 0.729559748427673 11.8172190853159
259 0.631249999999999 11.8238186779617
528 5.44720496894403 11.8303771513835
365 1.48765432098766 11.8368950148023
54 5.28220858895712 11.8433727680385
2502 2.29878048780487 11.8498109017411
279 3.93939393939389 11.856209897611
273 2.79518072289159 11.8625702286172
31 0.514970059880239 11.8688923592069
235 4.2202380952381 11.8751767455085
321 0.840236686390533 11.8814238355294
841 5.8705882352941 11.8876340693475
1409 5.38596491228078 11.8938078792974
1130 5.76744186046499 11.8999456901508
55 3.79768786127164 11.9060479192922
106 5.63218390804588 11.9121149768888
19 0.628571428571428 11.9181472660562
720 1.17613636363637 11.9241451830189
1018 2.08474576271187 11.930109117267
1987 1.12921348314607 11.9360394517073
489 0.972067039106149 11.9419365628111
66 5.7722222222222 11.9478008207579
287 5.35359116022104 11.9536325895744
3146 4.99450549450548 11.9594322272701
475 5.28961748633877 11.9652000859697
843 5.88043478260863 11.9709365120409
135 6.15675675675688 11.9766418462191
1350 2.68279569892473 11.9823164237295
983 2.54010695187167 11.9879605744047
793 3.99999999999996 11.9935746227998
1251 4.06878306878302 11.9991588883047
221 1.8 12.004713685253
600 1.60732984293193 12.0102393230279
300 3.5885416666667 12.0157361061659
192 5.67875647668396 12.0212043344576
136 2.5360824742268 12.0266443030454
655 3.48205128205127 12.0320563025196
462 1.25510204081632 12.0374406190109
190 5.89340101522851 12.0427975342819
351 0.0858585858585859 12.0481273258151
266 3.67839195979895 12.0534302668993
49 4.22999999999993 12.0587066267135
633 5.44776119402993 12.0639566704094
15 5.43069306930681 12.0691806591906
177 5.67980295566512 12.0743788503912
153 1.25980392156862 12.0795514975516
620 3.38536585365854 12.0846988504929
93 5.15533980582528 12.0898211553889
442 1.47826086956522 12.0949186548371
114 3.4759615384616 12.0999915879275
950 0.157894736842105 12.1050401903102
98 1.35238095238095 12.1100646942603
104 4.23222748815173 12.1150653287431
1137 4.06132075471692 12.1200423194756
824 1.59154929577465 12.1249958889887
274 2.79439252336446 12.129926256686
184 2.0418604651163 12.1348336389026
9 4.18981481481486 12.1397182489621
245 3.83410138248844 12.1445802972319
90 0.513761467889907 12.1494199911778
434 2.04109589041094 12.1542375354172
2277 1.59545454545455 12.1590331317707
832 4.65610859728505 12.1638069793132
145 4.81531531531541 12.1685592744233
1356 0.121076233183856 12.1732902108315
534 4.26339285714281 12.1779999796683
538 4.2888888888888 12.1826887695097
1114 5.39823008849564 12.1873567664233
513 2.98678414096913 12.1920041540118
1252 5.45175438596499 12.1966311134571
301 2.25764192139735 12.2012378235622
359 0.843478260869562 12.2058244607927
252 2.80086580086582 12.2103911993175
443 1.47844827586208 12.2149382110486
11 1.92703862660946 12.2194656656795
647 4.8119658119658 12.2239737307237
1279 5.44255319148943 12.2284625715516
323 4.27542372881367 12.2329323514268
170 2.32911392405063 12.2373832315421
68 4.9705882352941 12.241815371054
332 1.84100418410041 12.2462289271172
583 5.98333333333331 12.2506240549177
2462 3.57261410788381 12.2550009077058
388 1.35123966942149 12.2593596368279
2426 3.38683127572014 12.2637003917583
1121 4.66393442622953 12.2680233201295
1346 2.67755102040819 12.2723285677627
634 3.84959349593491 12.276616278697
1351 0.1417004048583 12.2808865952187
196 4.27419354838706 12.2851396578893
890 0.164658634538152 12.2893756055732
1358 0.112 12.2935945754653
1347 2.68924302788844 12.2977967031175
1914 2.26190476190475 12.3019821224645
1353 0.126482213438735 12.3061509658498
354 4.87007874015747 12.3103033640509
267 2.98823529411764 12.3144394463034
535 4.421875 12.3185593403257
1111 5.36186770428014 12.3226631723422
99 0.910852713178296 12.3267510671068
656 3.48262548262556 12.3308231479257
7 6.14999999999998 12.3348795366793
166 0.283524904214559 12.3389203538448
8 3.59160305343517 12.3429457185168
137 4.75665399239544 12.346955748429
1384 4.07575757575766 12.3509505599749
2197 3.27924528301894 12.3549302682274
346 3.72556390977438 12.3588949869595
396 5.64044943820204 12.3628448286632
768 2.26865671641793 12.3667799045691
473 5.42007434944226 12.3707003246649
32 0.518518518518519 12.3746061977139
283 4.21033210332109 12.3784976312732
155 5.29044117647077 12.3823747317114
783 5.01098901098899 12.3862376042261
721 1.17153284671533 12.390086352861
1424 2.98909090909087 12.3939210805225
1362 0.144927536231884 12.3977418889968
1361 0.173285198555957 12.4015488789654
623 3.68345323741005 12.4053421500215
769 2.25806451612902 12.4091218006855
669 1.73928571428571 12.4128879284201
34 4.97153024911031 12.4166406296459
561 2.09574468085104 12.4203799997557
695 4.18727915194349 12.4241061331295
1683 0.450704225352112 12.4278191231485
94 3.94035087719299 12.4315190622089
2567 2.26223776223777 12.4352060417365
2692 0.282229965156795 12.4388801521994
2513 3.93750000000008 12.4425414831219
143 3.59861591695496 12.4461901230971
1363 0.103448275862069 12.4498261598004
124 3.47766323024054 12.4534496800014
1632 2.98630136986296 12.457060769577
229 1.5529010238908 12.4606595135231
1352 0.136054421768708 12.4642459959669
910 0.84067796610169 12.4678203001786
193 0.0743243243243243 12.471382508583
445 1.18518518518519 12.4749327027711
2742 1.50000000000001 12.4784709635108
2467 5.85618729097015 12.4819973707584
3130 5.7633333333332 12.4855120036695
734 5.15946843853831 12.4890149406092
96 1.48675496688741 12.4925062591628
1259 1.25412541254125 12.4959860361465
516 5.45065789473696 12.4994543476169
952 5.27868852459011 12.5029112688813
61 6.20588235294116 12.5063568745076
395 5.65798045602583 12.5097912383337
572 1.16558441558442 12.5132144334773
672 2.07443365695794 12.5166265323448
761 4.22258064516136 12.5200276066411
423 2.09646302250803 12.523417727378
1040 2.11538461538461 12.5267969648835
418 2.67092651757185 12.5301653888105
559 6.06687898089161 12.5335230681454
865 5.54920634920633 12.5368700712163
3741 6.06329113924025 12.5402064657018
852 5.88643533123025 12.5435323186391
121 1.84591194968556 12.5468476964316
140 4.48902821316604 12.5501526648576
431 5.54999999999982 12.5534472890775
322 6.08099688473502 12.5567316336419
570 3.68322981366455 12.5600057624992
728 1.19814241486069 12.5632697390026
784 0.154320987654321 12.5665236259181
532 4.75692307692307 12.5697674854311
383 1.80061349693251 12.5730013791543
289 2.11620795107031 12.5762253681338
208 4.58231707317061 12.5794395128568
1345 2.69604863221889 12.5826438732581
819 4.65757575757565 12.5858385087267
520 5.37764350453184 12.5890234781125
2453 3.2740963855422 12.592198839733
207 4.57957957957945 12.5953646513792
1832 5.62275449101791 12.5985209703227
1349 4.97910447761191 12.6016678533209
1523 0.520833333333332 12.6048053566243
152 0.973293768545992 12.6079335359813
869 2.25443786982247 12.6110524466451
294 4.23303834808256 12.6141621433792
502 2.03235294117646 12.6172626804632
1355 4.95894428152492 12.6203541116983
1072 2.90643274853806 12.6234364904131
369 1.23032069970846 12.6265098694692
3711 4.19767441860452 12.6295743012666
900 4.5797101449274 12.6326298377486
3681 0.690751445086709 12.635676530408
461 1.19884726224785 12.6387144302913
827 0.847701149425292 12.6417435880045
1615 4.75358166189132 12.6447640537182
531 4.98857142857125 12.6477758771719
305 0.843304843304839 12.6507791076797
772 3.13636363636369 12.6537737941347
115 5.16430594900866 12.6567599850138
1238 3.58192090395485 12.6597377283827
1254 4.57746478873248 12.6627070719003
2863 5.54775280898858 12.665668062823
339 5.37815126050418 12.66862074801
3740 0.0810055865921787 12.6715651739269
493 2.86350974930359 12.6745013866506
1576 2.3111111111111 12.6774294318737
285 1.70637119113572 12.6803493549081
916 5.98342541436454 12.6832612006901
1826 1.95592286501375 12.6861650137839
749 1.1043956043956 12.6890608383859
397 6.17534246575361 12.6919487183288
741 4.068306010929 12.6948286970855
28 1.25340599455041 12.6977008177731
789 3.47010869565211 12.7005651231566
1552 5.40379403794023 12.703421655653
823 3.57837837837847 12.7062704573348
745 2.43396226415095 12.709111569934
666 1.40322580645161 12.7119450348452
678 0.509383378016086 12.7147708931302
1397 2.43315508021388 12.7175891855204
2517 3.38400000000006 12.7203999524213
317 4.63563829787228 12.7232032339155
829 1.53846153846153 12.7259990697662
1670 5.09523809523805 12.7287874994204
1057 0.453825857519788 12.7315685620129
571 1.02894736842105 12.7343422963687
2294 3.57217847769022 12.7371087410069
664 1.67015706806284 12.7398679341436
224 1.22715404699738 12.7426199136952
232 5.64583333333343 12.7453647172816
250 3.3818181818182 12.7481023822291
312 6.16321243523318 12.7508329455733
692 4.21705426356583 12.7535564440628
360 2.11082474226803 12.7562729141612
236 6.18508997429327 12.7589823920508
1320 0.605128205128204 12.7616849136353
541 5.15856777493616 12.7643805145423
670 2.86479591836733 12.7670692301266
905 2.61068702290074 12.7697510954727
917 5.98223350253819 12.7724261453976
2447 0.731645569620256 12.7750944144536
702 1.60101010101011 12.7777559369309
446 0.969773299748107 12.78041074686
314 6.15577889447226 12.783058878015
913 5.16040100250616 12.7857003639155
2376 2.68499999999995 12.7883352378293
1348 2.68079800498749 12.7909635327752
77 1.90049751243783 12.7935852815251
770 3.1389578163772 12.7962005166069
352 3.99752475247507 12.7988092703063
700 3.81234567901247 12.8014115746699
1022 1.1600985221675 12.8040074615069
3749 3.28501228501223 12.806596962392
1282 3.90196078431371 12.8091801086674
690 2.85819070904642 12.8117569314449
167 3.90243902439025 12.8143274616086
1364 0.284671532846715 12.8168917298169
3803 0.766990291262136 12.8194497665046
327 5.30992736077481 12.8220016018851
2397 2.54106280193238 12.8245472659528
575 2.5156626506024 12.8270867884848
92 4.22836538461548 12.8296201990433
10 0.592326139088728 12.8321475269775
716 5.94976076555037 12.8346688014259
1950 4.89260143198082 12.8371840513179
331 1.84047619047618 12.839693305376
1359 4.96437054631821 12.8421965921181
1761 4.6658767772513 12.8446939398588
3601 4.66666666666663 12.8471853767117
468 5.41509433962249 12.8496709305914
650 3.16235294117654 12.852150629215
548 4.07276995305156 12.8546245001044
683 5.95081967213115 12.8570925705879
1230 5.38084112149518 12.8595548678017
319 1.82750582750584 12.8620114186925
648 4.81162790697656 12.8644622500184
1098 3.57308584686785 12.8669073883511
344 1.47685185185186 12.8693468600778
954 1.12471131639723 12.8717806914024
25 1.50230414746543 12.8742089083476
318 1.79770114942527 12.8766315367563
1572 2.99082568807334 12.8790486022935
241 0.821510297482836 12.8814601304478
658 5.16438356164375 12.8838661465329
527 1.23234624145787 12.8862666756895
156 3.67500000000009 12.8886617428865
382 6.18820861678032 12.8910513729228
876 3.34389140271492 12.893435590429
989 2.74492099322803 12.8958144198684
992 0.826576576576571 12.898187885539
505 0.0741573033707865 12.9005560115748
128 0.634529147982064 12.9029188219473
657 5.5525727069352 12.9052763404667
509 4.00446428571421 12.907628590784
553 3.74832962138079 12.9099755963917
1204 6.07555555555575 12.9123173806255
459 0.447893569844788 12.9146539666658
24 6.07522123893776 12.916985377539
549 2.85430463576152 12.9193116361188
990 2.74449339207042 12.9216327651276
842 4.49890109890108 12.9239487871377
680 3.74780701754393 12.9262597245729
635 0.367614879649891 12.9285655997095
342 3.39082969432308 12.9308664346779
1117 5.44008714596939 12.9331622514636
451 5.00869565217378 12.9354530719084
739 3.26898047722338 12.9377389177121
69 4.23593073593069 12.9400198104332
2007 2.32829373650106 12.9422957714906
13 1.92672413793106 12.9445668221643
353 2.93978494623651 12.946832983597
476 5.29184549356218 12.9490942767952
649 5.36616702355436 12.9513507226302
1436 0.282051282051282 12.9536023418395
101 1.26012793176973 12.9558491550275
474 4.0638297872341 12.9580911826673
367 3.74734607218702 12.9603284451013
288 0.832627118644066 12.9625609625425
2217 0.727272727272732 12.9647887550755
1643 0.911392405063283 12.9670118426578
180 2.03578947368425 12.9692302451205
303 4.42226890756301 12.9714439821697
450 6.14884696016754 12.9736530733876
3559 6.26987447698738 12.9758575382329
630 2.09394572025051 12.9780573960429
1614 4.75833333333322 12.9802526660334
756 2.85654885654879 12.9824433673006
53 0.350622406639004 12.9846295188215
539 3.67701863354025 12.9868111394552
1045 3.48760330578506 12.9889882479436
2924 3.28247422680411 12.991160862913
3753 3.2901234567902 12.993329002874
482 2.04928131416836 12.9954926862236
909 0.838114754098354 12.9976519312452
1147 3.94069529652339 12.9998067561102
1437 3.89999999999984 13.0019571788784
3755 4.06109979633391 13.0041032174993
788 3.9369918699186 13.0062448898128
514 5.6653144016225 13.00838221355
203 1.42307692307693 13.0105152063345
1042 3.03232323232314 13.0126438856827
60 6.20564516129019 13.014768269005
1414 5.07444668008039 13.0168883736068
586 3.79718875502012 13.0190042166889
955 1.42284569138274 13.0211158153488
218 0.766000000000001 13.0232231865811
350 1.53293413173655 13.0253263472786
576 2.40637450199203 13.0274253142332
495 0.630218687872768 13.0295201041364
727 2.33928571428571 13.0316107335802
717 2.4990099009901 13.0336972190581
380 1.49802371541501 13.0357795769656
2454 3.27416173570007 13.0378578236011
357 3.46653543307086 13.0399319751666
384 3.7249508840866 13.0420020477688
642 4.84901960784312 13.0440680574192
641 4.84931506849303 13.0461300200353
564 1.541015625 13.0481879514414
778 3.14814814814822 13.0502418673691
3739 2.62645914396886 13.0522917834579
20 0.627184466019413 13.0543377152564
1918 1.55038759689923 13.0563796782225
834 0.816247582205034 13.0584176877245
278 3.94401544401538 13.0604517590414
1561 1.35452793834298 13.0624819073639
1366 0.286538461538461 13.0645081477951
911 0.836852207293675 13.0665304953507
441 5.21264367816087 13.0685489649605
858 5.21223709369021 13.0705635714682
2518 3.56488549618313 13.0725743296325
679 5.79047619047649 13.0745812541278
1677 2.85551330798475 13.0765843595448
906 1.15370018975334 13.0785836603907
165 3.59848484848494 13.0805791710906
703 0.378071833648394 13.0825709059875
102 1.26226415094341 13.0845588793432
2511 0.726930320150664 13.0865431053387
157 2.61466165413537 13.0885235980752
543 5.1519699812383 13.0905003715744
632 0.614232209737829 13.092473439779
3766 2.18878504672899 13.0944428165535
1081 2.86753731343288 13.0964085156849
2469 0.445065176908752 13.0983705508828
798 4.00185873605939 13.1003289357806
3765 2.18923933209645 13.1022836839356
3673 6.05740740740718 13.1042348088296
1074 2.93900184842876 13.1061823238698
941 3.57564575645749 13.1081262423889
1125 4.97053406998181 13.1100665776461
158 4.98161764705905 13.1120033428271
786 3.12477064220176 13.1139365510453
2456 1.97619047619047 13.1158662153418
946 1.97623400365627 13.1177923486861
1656 0.116788321167883 13.1197149639767
991 2.74316939890704 13.1216340740414
997 2.11272727272723 13.1235496916383
4 6.19782214156051 13.1254618294555
590 2.78985507246367 13.1273705001126
508 3.38517179023498 13.1292757161602
120 0.81046931407943 13.1311774900812
774 3.15315315315312 13.1330758342908
3690 4.65107913669095 13.1349707611373
638 1.04847396768402 13.1368622829022
2471 0.456989247311829 13.1387504118012
62 1.04830053667263 13.1406351599841
689 2.86071428571438 13.1425165395358
1097 6.01247771836039 13.1443945624763
1096 6.01245551601439 13.1462692407616
1461 4.05861456483121 13.1481405862837
1649 1.35638297872339 13.1500086108715
1520 3.27787610619463 13.1518733262908
2524 4.39575971731452 13.1537347442453
604 0.440917107583774 13.1555928763764
1002 0.82394366197184 13.1574477342642
591 1.52899824253078 13.1592993294275
244 6.16140350877197 13.1611476733247
2392 1.02977232924693 13.1629927773535
661 0.0821678321678322 13.1648346528522
1759 5.14834205933689 13.1666733110996
1233 6.08536585365882 13.1685087633152
747 0.0765217391304348 13.1703410206602
1771 3.34375000000008 13.1721700942376
2739 5.33968804159475 13.1739959950926
1021 3.12975778546704 13.1758187342129
2380 0.601036269430053 13.1776383225293
908 4.89310344827596 13.1794547709161
1582 5.94836488812365 13.1812680901913
3752 3.29381443298968 13.1830782911171
821 1.53516295025727 13.1848853844003
1041 3.03253424657527 13.1866893806927
850 4.2188034188034 13.1884902905913
3802 0.767918088737209 13.1902881246388
1146 1.82793867120949 13.1920828933241
1077 2.94217687074835 13.1938746070826
608 3.82512733446504 13.1956632762962
1586 1.82372881355935 13.1974489112943
2595 3.81218274111693 13.1992315223536
253 4.20777027027015 13.2010111196988
2778 0.912310286677905 13.2027877135027
2540 1.65319865319868 13.2045613138868
2549 1.65378151260504 13.2063319309215
862 3.8288590604025 13.2080995746265
2393 4.39363484087091 13.209864254971
26 3.59197324414733 13.2116259818742
1079 2.93656093489147 13.2133847652056
837 5.51333333333338 13.2151406147852
838 5.51414309484193 13.2168935403843
626 4.26744186046516 13.2186435517249
948 3.46932006633495 13.2203906584811
210 3.72682119205289 13.2221348702786
737 0.357024793388431 13.2238761966954
1119 2.43399339933993 13.2256146472623
927 0.449752883031305 13.2273502314625
610 3.8157894736843 13.2290829587326
978 4.0755336617405 13.2308128384629
765 5.15081967213109 13.232539879997
204 1.50572831423897 13.2342640926331
757 1.73856209150326 13.2359854856233
187 4.50244698205547 13.2377040681748
2738 5.34201954397385 13.2394198494494
472 3.90406504065027 13.2411328385646
1129 2.10876623376623 13.242843044593
1396 0.244732576985413 13.2445504765634
1395 0.244336569579288 13.2462551434606
3337 2.68497576736677 13.2479570542257
663 1.6693548387097 13.2496562177568
1344 3.60064412238327 13.2513526429087
781 3.14469453376202 13.2530463384937
2743 1.49598715890853 13.2547373132814
667 4.21634615384639 13.2564255759992
686 2.4064 13.2581111353329
1671 5.09584664536774 13.2597939999262
1075 2.94417862838922 13.2614741783818
370 3.93312101910813 13.2631516792611
790 3.46422893481721 13.2648265110845
3683 0.690476190476188 13.266498682332
400 4.72266244057041 13.2681682014432
588 4.72310126582243 13.2698350768176
681 1.18957345971566 13.2714993168147
1080 1.35962145110409 13.2731609297548
589 2.78425196850388 13.2748199239184
1360 0.147798742138365 13.2764763075473
812 5.5824175824178 13.2781300888442
811 5.58307210031333 13.2797812759733
795 3.99530516431902 13.2814298770604
4078 3.85156249999985 13.2830759001932
776 3.11856474258965 13.2847193534216
830 1.54361370716507 13.2863602447577
160 1.84603421461902 13.2879985821763
733 0.830745341614898 13.2896343736149
2470 0.460465116279073 13.2912676269743
998 0.828173374613009 13.2928983501184
750 1.10664605873261 13.2945265508745
792 4.00771604938252 13.2961522370338
2790 2.46070878274272 13.2977754163515
1196 4.20461538461558 13.2993960965469
1790 2.46082949308753 13.3010142853036
3785 2.9064417177914 13.30262999027
912 0.509954058192957 13.3042432190592
3058 2.32721712538221 13.3058539792495
744 2.43206106870234 13.3074622783843
1423 1.31402439024387 13.3090681239725
2664 1.31354642313549 13.3106715234889
726 1.92857142857146 13.3122724843738
185 5.36570561456761 13.313871014034
3052 3.28787878787871 13.3154671198424
988 4.39788199697432 13.3170608091384
2398 3.82326283987925 13.3186520892283
554 0.00603318250377074 13.3202409673849
2874 4.21234939759008 13.3218274508487
3764 0.00601503759398496 13.323411546827
2527 4.49549549549544 13.324993262495
2396 3.80809595202422 13.3265726049952
696 0.616766467065865 13.3281495814384
251 2.80119581464882 13.3297241989032
2737 5.33880597014895 13.3312964644367
205 2.29210134128169 13.3328663850542
1377 2.33630952380962 13.33443396774
957 4.6374442793462 13.3359992194469
374 0.351632047477744 13.337562147097
884 0.819259259259267 13.3391227575814
29 0.733727810650882 13.3406810577608
688 1.75923190546534 13.3422370544654
687 1.75958702064894 13.343790754495
263 0.805596465390277 13.3453421646195
33 5.87647058823584 13.3468912915789
526 4.99118942731266 13.3484381420835
199 4.12316715542525 13.349982722814
3748 1.54904831625181 13.3515250404217
1235 6.05994152046799 13.3530651015288
2457 4.78394160583944 13.3546029127285
2458 4.78425655976691 13.356138480585
1044 6.07278020378473 13.3576718116339
497 1.52470930232554 13.3592029123823
889 0.910014513788092 13.3607317893089
2516 0.552173913043475 13.3622584488644
2131 0.552821997105643 13.3637828974711
1024 4.12283236994242 13.3653051415237
833 5.31168831168807 13.3668251873892
994 4.25936599423621 13.368343041407
132 0.834532374100726 13.3698587098891
796 3.99281609195423 13.3713721991203
573 1.02869440459112 13.3728835153583
596 3.79942693409763 13.3743926648339
1249 5.65522174535085 13.3758996537512
1581 4.18428571428557 13.3774044882876
616 1.53637660485019 13.3789071745941
1886 2.62393162393164 13.3804077187954
1139 3.83072546230458 13.38190612699
119 0.518465909090908 13.3834024052504
825 1.52056737588649 13.3848965596233
209 2.08923512747881 13.3863885961296
822 1.56152758132955 13.3878785207646
1005 0.813559322033891 13.3893663394985
718 2.85895627644583 13.3908520582757
50 4.21126760563415 13.392335683016
2675 3.79465541490867 13.3938172196138
794 3.99859550561781 13.3952966739387
326 1.81626928471251 13.3967740518359
125 6.15406162464984 13.3982493591257
404 6.2503496503495 13.399722601604
3736 6.24999999999934 13.4011937850426
1241 3.28033472803335 13.4026629151889
617 4.6671309192202 13.4041299977664
78 1.88595271210013 13.4055950384746
1212 1.8861111111111 13.4070580429894
1752 3.26490984743412 13.4085190169629
668 1.73961218836569 13.4099779660239
1038 5.11479944674964 13.4114348957775
1039 5.11464088397763 13.4128898118058
1539 4.97655172413777 13.4143427196679
1004 0.85399449035812 13.4157936248996
2498 4.63411279229699 13.4172425330141
449 1.19917582417582 13.4186894495016
698 3.81755829903968 13.42013437983
3712 4.20273972602746 13.4215773294445
492 0.607387140902872 13.423018303768
2315 0.908469945355176 13.4244573082012
512 0.361527967257844 13.4258943481226
1243 1.92506811989105 13.4273294288888
738 0.363265306122448 13.4287625558344
2468 0.452445652173911 13.4301937342723
73 4.49796472184558 13.4316229694939
2178 3.29810298102971 13.4330502667687
3746 5.72124492557484 13.4344756313453
1762 5.72162162162134 13.4358990684506
2526 4.50067476383241 13.4373205832904
3751 3.42048517520229 13.4387401810497
1031 3.41991924629864 13.4401578668922
1076 2.94086021505392 13.441573645961
2464 3.82684563758413 13.4429875233783
974 1.60723860589807 13.4443995042459
1596 6.27041499330663 13.4458095936449
1959 3.67647058823536 13.4472177966361
70 5.37383177570054 13.4486241182601
487 2.35066666666667 13.450028563537
2903 2.16777629826905 13.4514311374673
901 2.16755319148934 13.4528318450312
3747 3.27091633466135 13.4542306911892
453 1.42440318302389 13.4556276808819
3745 3.03178807947029 13.4570228190304
2512 1.00661375661374 13.4584161105362
1696 1.00660501981507 13.4598075602813
340 4.28891820580503 13.4611971731286
746 1.16864295125164 13.4625849539215
1536 3.64078947368409 13.4639709074844
3679 5.07490144546686 13.4653550386227
1237 2.61679790026249 13.4667373521226
1430 6.26998689383944 13.4681178527519
1535 3.64136125654432 13.4694965452593
1255 0.313725490196078 13.4708734343751
1256 0.313315926892952 13.472248524811
2627 5.09517601042997 13.4736218212601
2472 0.446614583333331 13.4749933283974
1575 1.38621586475944 13.4763630508794
1724 1.38571428571428 13.4777309933448
1391 3.1426718547341 13.4790971604139
2394 4.39507772020727 13.4804615566891
2740 2.53298835705048 13.481824186755
685 2.40568475452197 13.4831850551785
785 3.15612903225817 13.4845441665086
1672 5.92912371134085 13.4859015252769
1717 5.92921492921465 13.4872571359973
736 0.358611825192804 13.4886110031666
64 5.38639281129699 13.4899631312638
510 4.19230769230768 13.491313524751
639 1.48783610755439 13.4926621880732
2633 3.16368286445026 13.494009125658
3682 0.690932311621972 13.4953543419165
522 4.91198979591836 13.4966978412424
1000 0.801273885350318 13.4980396280129
3784 4.91221374045846 13.4993797065885
1949 4.89199491740782 13.5007180813129
1025 0.736040609137057 13.5020547565134
947 3.47148288973395 13.5033897365007
12 5.55063291139243 13.5047230255694
904 2.6106194690266 13.5060546279974
956 2.79166666666673 13.5073845480466
433 4.81715006305161 13.5087127899628
1891 0.348866498740554 13.5100393579758
615 3.13207547169831 13.5113642562991
1777 2.21105527638188 13.5126874891308
2466 2.21079046424088 13.5140090606527
1248 5.64411027568969 13.5153289750312
1142 3.80600750938654 13.516647236417
920 3.58000000000021 13.517963848945
1298 5.23220973782759 13.5192788167349
1860 5.23192019950116 13.5205921438909
260 1.70485678704857 13.5219038345017
1033 0.9676616915423 13.5232138926408
1091 2.79378881987568 13.5245223223667
691 5.43052109181113 13.5258291277226
3743 0.369268897149938 13.5271343127366
1073 2.90717821782161 13.528437881422
2862 3.34487021013584 13.5297398377772
856 5.49629629629663 13.5310401857856
857 5.49568434032021 13.532338929416
942 0.443349753694585 13.5336360726226
1035 0.965559655596547 13.5349316193449
1029 0.224815724815726 13.5362255735078
1030 0.224539877300613 13.5375179390218
828 1.53063725490196 13.5388087197831
1036 0.963280293757633 13.5400979196735
836 4.34718826405878 13.5413855425606
853 0.593406593406592 13.5426715922978
826 1.54024390243903 13.5439560727243
835 4.3471376370281 13.5452389876655
138 0.377128953771289 13.5465203409326
677 1.99270959902801 13.5478001363231
676 1.99271844660192 13.5490783776203
1006 0.82545454545455 13.5503550685942
2816 1.70338983050843 13.5516302130009
1078 2.93470374848841 13.5529038145827
76 1.90096618357489 13.5541758770685
1247 5.64776839565755 13.5554464041738
324 1.49759036144577 13.5567153996005
820 1.54512635379064 13.5579828670371
2792 5.00961538461539 13.559248810159
631 3.38175270108025 13.5605132326281
168 2.78657074340526 13.5617761380932
2529 1.12814371257486 13.5630375301902
760 0.59090909090909 13.5642974125416
2113 4.9952210274789 13.5655557887572
932 1.74105011933171 13.5668126624336
914 3.72586412395734 13.5680680371548
759 3.57738095238094 13.5693219164918
1234 6.06539833531452 13.5705743040029
1585 1.83847980997617 13.5718252032339
2066 5.3724792408064 13.5730746177176
864 0.817535545023705 13.5743225509745
2461 4.99053254437893 13.5755690065126
529 4.22340425531895 13.5768139878274
787 3.14994096812294 13.578057498402
3738 2.629716981132 13.5792995417071
951 1.19316843345113 13.5805401212012
1244 5.40705882352893 13.5817792403307
91 1.40305522914219 13.5830169025297
366 2.50000000000003 13.5842531112202
860 0.611957796014073 13.5854878698121
701 3.82201405152233 13.5867211817036
1984 4.65029239766055 13.5879530502806
1357 0.151869158878504 13.5891834789174
500 2.62193698949824 13.5904124709764
2741 2.53146853146846 13.5916400298082
2700 5.82537834691431 13.5928661587517
3108 5.82558139534849 13.5940908611341
1001 0.831591173054582 13.5953141402711
524 1.90023201856154 13.5965359994669
775 3.12166859791441 13.597756442014
37 5.19444444444457 13.5989754711936
22 5.19421965317895 13.6001930902755
3562 5.28868360277111 13.6014093025182
3804 0.765859284890439 13.6026241111688
1009 1.95622119815664 13.6038375194634
729 1.20598388952816 13.6050495306266
1007 1.95517241379306 13.6062601478721
970 2.98507462686581 13.6074693744025
27 1.40366972477062 13.6086772134093
189 0.844215349369986 13.6098836680731
498 4.99885583524009 13.6110887415635
767 2.34171428571431 13.6122924370394
430 2.63242009132415 13.6134947576487
628 2.07183580387679 13.6146957065284
999 0.822323462414594 13.6158952868052
2474 3.16496018202494 13.6170935015947
1367 0.284090909090909 13.6182903540022
1955 0.353007945516461 13.6194858471221
401 4.86961451247174 13.6206799840386
112 1.50396375990937 13.621872767825
3786 4.50452488687781 13.6230642015447
699 3.81468926553684 13.6242542882503
533 0.355530474040631 13.6254430309841
2989 3.28297632469015 13.6266304327783
268 1.67004504504509 13.6278164966547
766 0.636670416197975 13.629001225625
425 4.27191011235938 13.6301846226905
183 4.70594837261513 13.6313666908428
116 4.70627802690547 13.632547433063
408 2.3381858902575 13.6337268523225
1413 5.28970917225907 13.6349049515825
429 0.281564245810056 13.6360817337944
779 3.14620535714301 13.6372572018998
773 3.11371237458206 13.6384313588301
1034 0.968819599109119 13.6396042075074
1387 2.74527252502773 13.6407757508436
2070 3.27888888888903 13.6419459917412
602 1.6082130965594 13.6431149330928
375 5.43126385809284 13.6442825777815
341 4.87043189368782 13.6454489286809
222 3.68030973451302 13.6466139886547
3744 4.27624309392237 13.6477777605576
428 3.57947019867557 13.6489402472345
1546 5.07386990077133 13.650101451521
3754 4.63656387665181 13.6512613762433
3756 6.02750275027572 13.6524200242182
3757 6.02747252747251 13.6535773982534
684 5.95060373216281 13.6547335011471
777 3.12719298245621 13.6558883356886
707 4.42168674698775 13.6570419046577
234 0.515317286652076 13.6581942108252
797 4.00109289617504 13.659345256953
629 2.07641921397376 13.6604950457936
582 5.98473282442822 13.6616435800908
1003 0.830065359477114 13.6627908625793
918 3.56800870511418 13.6639368959848
1236 6.07826086956495 13.6650816830241
3081 3.0542888165038 13.6662252264054
3113 3.05422993492403 13.6673675288278
636 2.08667388949069 13.6685085929818
3742 5.54761904761952 13.669648421549
1253 4.57729729729749 13.6707870172024
1138 2.30453563714902 13.6719243826063
3758 3.27615965480024 13.6730605204165
1159 4.81465517241365 13.67419543328
984 4.23035522066695 13.6753291238354
385 1.06559139784947 13.6764615947128
574 1.06552094522018 13.6775928485336
86 4.87124463519281 13.678722887911
1032 0.977491961414772 13.6798517154497
349 4.49357601713034 13.680979333746
1403 2.61818181818171 13.6821057453879
290 2.11645299145298 13.6832309529552
