14 3.14159265358979 6.60901774571743
378 1e-08 7.21175442446521
94 4.77999999999994 7.56433277934187
48 1.48 7.81449110321298
84 3.13999999999998 8.00852897392099
51 1.48 8.16706945808965
279 6.27999999999991 8.30111352750466
1402 5.43999999999993 8.41722778196076
181 4.09999999999996 8.51964781296631
692 6.27999999999991 8.61126565266877
861 4.77999999999994 8.69414406988992
55 4.77999999999994 8.76980613683743
587 4.77999999999994 8.83940849133615
10 2.21 8.90385020625243
39 4.54999999999995 8.96384400754544
596 4.77999999999994 9.01996446070854
243 1.34 9.07268152315762
38 4.52999999999995 9.12238449171409
586 4.77999999999994 9.16939946673172
1147 4.77999999999994 9.21400233141655
278 6.21999999999991 9.2564285611291
905 0.78 9.2968807486377
3083 0.78 9.33553445522104
536 2.50999999999999 9.37254281558521
628 4.09999999999996 9.40804020212456
92 1.34 9.44214517008393
57 4.09999999999996 9.47496284659076
423 4.00999999999996 9.50658688500021
64 4.57999999999995 9.53710107614045
287 3.13999999999998 9.56658068629321
1391 4.57999999999995 9.59509357570451
561 4.00999999999996 9.62270113945632
263 1.94 9.64945910351437
73 0.5 9.67541820190539
771 0 9.70062475570822
436 4.16999999999996 9.72512117046187
537 2.50999999999999 9.74894636540806
746 5.74999999999992 9.7721361454795
2864 1.03 9.7947235249606
159 3.65999999999997 9.81673901016433
476 3.25999999999997 9.83821084719943
652 3.14999999999998 9.85916523987688
316 4.00999999999996 9.8796265419727
359 2.47999999999999 9.89961742738548
85 3.18999999999998 9.91915904116988
827 4.62999999999995 9.93827113396882
390 1.79 9.95697218198704
778 5.88999999999992 9.97527949433298
291 4.21999999999995 9.99320930929188
634 1.38 10.0107768808723
4092 5.21999999999993 10.0279965567821
40 4.62999999999995 10.0448818488317
109 0.36 10.0614454966323
2498 2.71999999999999 10.0776995253385
163 2.06 10.0936552980935
480 5.61999999999992 10.109323563748
203 0.62 10.1247145003562
240 1.79 10.1398377548882
107 3.52999999999997 10.1547024795485
190 0.5 10.169317365041
691 3.10999999999998 10.1836906710855
3788 1.14 10.1978302544523
91 3.78999999999996 10.2117435947535
49 1.31 10.2254378182041
158 4.59999999999995 10.2389197195397
145 0.09 10.2521957822621
23 4.50999999999995 10.2652721973617
139 3.02999999999998 10.2781548806532
50 1.54 10.2908494888455
761 2.33999999999999 10.303361434456
1054 0.930000000000001 10.3156958996664
649 0.62 10.3278578492096
694 3.07999999999998 10.3398520423682
258 1.42 10.3516830441558
176 0.5 10.363355235749
154 5.10999999999994 10.3748728242273
209 4.12999999999996 10.3862398516772
276 2.47999999999999 10.3974602037084
529 1.38 10.4085376174279
916 5.61999999999992 10.4194756889121
644 5.98999999999992 10.4302778802152
226 1.41 10.4409475259472
624 2.81999999999998 10.4514878394536
1599 5.30999999999993 10.4619019186247
583 5.61999999999992 10.4721927513612
174 2.21 10.4823632207205
984 2.19 10.4924161097649
520 4.86999999999994 10.5023541061333
1230 4.86999999999994 10.5121798063541
876 0.27 10.5218957199177
153 5.10999999999994 10.5315042731234
102 5.11999999999994 10.5410078127166
1826 2.63999999999999 10.550408609329
3797 6.21999999999991 10.5597088607348
11 3.43999999999997 10.5689106949353
63 4.46999999999995 10.5780161730808
245 1.4 10.5870272922421
185 0.62 10.5959459880397
13 3.43999999999997 10.6047741371388
177 0.49 10.6135135596201
339 3.02970297029703 10.6221660212316
2462 1.68627450980392 10.6307332355298
52 3.66019417475728 10.6392168659171
1146 3.67307692307691 10.6476185275795
904 0.78095238095238 10.6559397893327
197 4.2169811320755 10.6641821753801
104 1.35514018691588 10.6723471669887
679 2.49074074074074 10.6804362040863
660 5.82568807339447 10.6884506867862
72 3.01818181818183 10.6963919768413
324 3.86486486486484 10.7042613990325
667 6.25892857142854 10.7120602424958
22 4.6017699115044 10.719789761989
917 5.64035087719299 10.7274511791039
394 1.5391304347826 10.7350456834246
855 2.33620689655173 10.742574433636
468 1.87179487179487 10.750038558585
499 0.0338983050847458 10.7574391582963
321 1.87394957983193 10.7647773049448
380 3.86666666666666 10.7720540437888
242 1.52892561983471 10.7792703940624
1206 3.78688524590161 10.7864273498333
280 6.05691056910565 10.7935258808239
235 2.22580645161291 10.8005669332001
2 1.936 10.8075514303281
19 4.34126984126983 10.8144802735013
183 4.33858267716535 10.8213543426379
119 3.796875 10.8281744969519
3133 1.13953488372093 10.8349415755971
3707 0.769230769230767 10.8416563982875
538 0.0152671755725191 10.8483197658923
450 3.98484848484854 10.8549324610099
305 2.87969924812029 10.861495248519
306 2.88059701492538 10.8680088761095
837 5.0222222222222 10.8744740747943
2865 3.08088235294117 10.880891559401
657 3.21897810218977 10.8872620290462
1966 0.789855072463769 10.8935861675933
3796 6.20863309352515 10.8998646440919
29 3.64999999999999 10.9060981132038
95 5.53900709219852 10.9122872156115
4 0.211267605633803 10.9184325784142
3 0.20979020979021 10.9245348155087
768 5.54166666666676 10.9305945279574
31 3.63448275862064 10.936612304344
393 5.09589041095882 10.942588721116
182 4.07482993197273 10.9485243429163
173 2.00675675675677 10.9544197229036
3708 0.798657718120804 10.9602754030613
61 5.94000000000008 10.9660919144968
257 2.0066225165563 10.9718697777304
1202 4.55263157894743 10.9776095029751
179 5.30718954248364 10.9833115904065
897 1.20779220779221 10.9889765304249
512 0.974193548387098 10.9946048039081
15 3.16666666666666 11.0001968824562
46 0.21656050955414 11.005753228629
658 3.22151898734179 11.0112742961757
2511 5.89308176100629 11.0167605302568
340 2.52500000000002 11.0222123676599
326 1.45341614906832 11.0276302370083
2217 5.89506172839495 11.033014558963
201 0.975460122699385 11.038365746419
695 5.09146341463404 11.043684204695
547 3.86666666666662 11.0489703317179
815 6.24698795180729 11.0542245182014
709 2.11377245508981 11.059447147819
12 3.44047619047618 11.0646385973724
117 4.13017751479285 11.0697992369549
481 1.45294117647058 11.074929430109
101 5.12280701754393 11.0800295339806
912 5.12790697674411 11.0850998994683
1502 2.76878612716762 11.0901408713677
1537 2.77011494252872 11.0951527885127
2294 1.68571428571429 11.1001359839118
445 2.11363636363636 11.105090784881
191 0.514124293785311 11.1100175131729
704 5.21910112359546 11.1149164851018
617 1.9441340782123 11.1197880116659
168 0.411111111111111 11.1246323986654
188 0.408839779005524 11.1294499468181
675 4.13736263736262 11.1342409518712
1438 5.74863387978142 11.13900570471
672 4.02717391304351 11.1437444914644
666 1.79999999999999 11.1484575936116
646 5.98924731182812 11.1531452880767
769 5.53475935828866 11.1578078473301
3800 5.44148936170207 11.1624455394826
325 1.44444444444445 11.167058628378
788 0.0526315789473684 11.1716473736831
422 0.968586387434551 11.1762120309754
216 2.39583333333333 11.1807528518285
432 0.0880829015544042 11.1852700838956
475 3.26288659793813 11.1897639709899
1400 5.43076923076921 11.1942347531642
435 3.99489795918373 11.1986826667874
898 1.20812182741117 11.20310794462
60 5.93939393939404 11.2075108158866
227 1.99999999999999 11.2118915063474
2499 2.71999999999996 11.2162502383679
381 2.39800995024878 11.2205872309862
2675 4.50990099009897 11.2249026999793
482 4.07389162561583 11.2291968579277
3368 5.45098039215685 11.2334699142776
633 4.22439024390244 11.237722075403
2036 1.14563106796116 11.2419535446649
137 0.980676328502418 11.2461645224699
34 5.22596153846167 11.2503552063273
693 3.0574162679426 11.2545257909042
665 0.876190476190474 11.2586764680804
78 5.82464454976315 11.262807427001
71 0.877358490566042 11.2669188541279
993 2.59624413145539 11.2710109332908
992 2.59813084112148 11.2750838457364
565 4.53023255813955 11.2791377701763
602 4.5231481481482 11.2831728828341
1408 4.57142857142852 11.2871893574917
615 3.57798165137611 11.291187365534
614 3.57990867579913 11.2951670759926
1649 1.03181818181818 11.299128655589
460 1.77828054298642 11.3030722687763
582 5.60810810810823 11.3069980777803
647 3.36771300448425 11.3109062426393
648 3.36607142857141 11.3147969212435
1036 1.95111111111112 11.3186702693734
370 4.73008849557527 11.3225264407368
515 4.23348017621137 11.3263655870056
331 2.46929824561403 11.3301878578517
165 0.314410480349345 11.333993400982
143 0.313043478260869 11.3377823621724
3432 5.41991341991341 11.3415548853016
189 2.8879310344828 11.3453111123838
1014 5.02145922746784 11.3490511836006
127 0.688034188034187 11.3527752373328
3789 1.13191489361702 11.3564834101906
6 3.98305084745772 11.360175837044
115 3.09704641350214 11.3638526510523
33 0.6890756302521 11.3675139836926
212 2.05857740585772 11.3711599647883
1401 5.46250000000001 11.3747907225366
620 2.71369294605808 11.3784063835354
616 1.92561983471076 11.3820070728102
41 4.53497942386831 11.3855929138396
9 2.20081967213113 11.3891640285811
392 6.0571428571427 11.3927205374955
285 1.63414634146342 11.3962625595717
90 1.63562753036436 11.3997902123505
3799 5.43548387096767 11.4033036119478
571 5.69477911646593 11.406802873078
573 5.69599999999982 11.4102881090759
1012 4.39442231075697 11.413759431919
1013 4.39285714285713 11.4172169522491
1561 1.02371541501976 11.4206607793935
531 3.73228346456692 11.4240910213857
2475 3.73333333333332 11.4275077849856
645 5.99609375 11.4309111756997
2890 5.40856031128403 11.4343012978002
3685 4.96899224806202 11.4376782543449
514 4.96911196911202 11.4410421471953
236 5.88461538461536 11.4443930770353
2384 0.931034482758623 11.4477311433893
636 4.11450381679396 11.4510564446401
574 2.28897338403041 11.4543690780459
385 2.28787878787882 11.4576691397577
838 5.0264150943398 11.4609567248359
1427 5.639097744361 11.4642319272667
570 6.10486891385745 11.4674948399785
65 6.10447761194038 11.4707455548573
37 4.49442379182147 11.4739841627625
27 3.78148148148141 11.4772107535421
593 5.83025830258296 11.4804254160476
997 4.08455882352952 11.4836282381487
69 1.5018315018315 11.4868193067478
286 1.08394160583942 11.489998707794
275 3.78545454545446 11.4931665262971
696 1.08333333333334 11.496322846341
7 4.16967509025276 11.4994677510977
896 1.20503597122302 11.5026013228397
21 4.50537634408604 11.5057236429534
266 1.72857142857142 11.5088347919516
2500 2.72597864768688 11.5119348494859
433 0.0957446808510639 11.5150238943593
267 1.7279151943463 11.5181020045376
530 1.69014084507044 11.521169257162
439 5.75438596491208 11.5242257285597
184 4.05944055944048 11.5272714942564
629 4.17421602787465 11.5303066289867
314 4.16319444444453 11.5333312067052
2749 3.52941176470583 11.5363453005978
1203 5.62758620689641 11.5393489830918
444 2.1168384879725 11.5423423258666
66 2.93835616438351 11.5453253998638
504 2.938566552901 11.5482982752975
510 5.10544217687082 11.5512610216641
1080 1.03728813559321 11.5542137077521
234 1.49324324324323 11.5571564016514
2383 0.925925925925923 11.5600891707633
994 5.31208053691265 11.5630120818091
254 4.59531772575268 11.5659252008398
284 4.81999999999997 11.5688285932446
74 3.01661129568108 11.5717223237599
1020 5.98344370860913 11.5746064564782
89 2.81848184818484 11.577481054856
166 0.358552631578947 11.5803461817228
1595 2.34426229508195 11.5832018992891
429 0.362745098039215 11.5860482691543
590 4.12377850162865 11.588885352315
854 3.1753246753247 11.5917132091727
97 4.29126213592224 11.5945318995416
632 4.29032258064522 11.5973414826559
147 1.46623794212218 11.6001420171776
376 3.48717948717948 11.6029335612039
116 3.48562300319484 11.6057161722741
2748 3.53503184713385 11.6084899073768
1523 5.87936507936506 11.6112548229571
706 2.63924050632913 11.6140109749234
161 5.35646687697158 11.6167584186542
462 5.3553459119496 11.6194972090045
215 5.2131661442005 11.6222274003129
844 4.46874999999988 11.6249490464077
2862 0.271028037383178 11.6276622006131
467 1.51242236024843 11.630366915756
866 0.934984520123843 11.6330632441719
623 2.87654320987649 11.6357512377108
1067 5.94461538461551 11.6384309477433
3792 1.15337423312883 11.6411024251667
424 4.08868501529043 11.6437657204107
1771 0.265243902439025 11.6464208834428
167 0.352583586626139 11.6490679637743
320 3.6727272727272 11.6517070104657
1596 2.34138972809671 11.6543380721323
635 1.50602409638555 11.6569611969492
178 0.567567567567567 11.6595764326569
129 0.568862275449103 11.6621838265667
707 2.64477611940299 11.6647834255653
1657 5.74404761904788 11.6673752761202
388 1.026706231454 11.6699594242847
643 2.51775147928993 11.6725359157027
1780 5.44542772861369 11.6751047956135
88 2.8235294117647 11.6776661088567
175 4.21407624633431 11.680219899877
653 3.52339181286556 11.6827662127284
164 2.06413994169099 11.6853050910791
86 2.05232558139535 11.687836578216
552 2.81449275362315 11.690360717049
842 0.508670520231216 11.6928775501154
