453 3.14159265358979 1.41513163933383
334 3.16000000999998 2.67539924035191
15 3.23000000999998 3.4126085278213
1281 3.24000000999997 3.93566684136999
2530 3.24000000999997 4.34138238921401
257 3.24000000999997 4.67287612883938
3711 3.24000000999997 4.95315009216167
107 3.22000000999998 5.19593444238807
394 2.24000001 5.41008541630877
154 3.24000000999997 5.60164999023209
650 2.64000000999999 5.77494122623995
2633 2.84000000999998 5.93314372985746
668 5.55000000999993 6.07867592562753
496 0.25000001 6.21341769317975
669 5.55000000999993 6.33885927770148
932 5.55000000999993 6.45620204340615
1414 3.50000000999997 6.56642862852695
1444 3.28000000999997 6.67035301732685
46 0.800000010000001 6.76865705600008
329 5.57000000999993 6.86191759125017
613 4.39175257731957 6.95062698064914
2678 5.50515463917524 7.03520882725804
286 0.742268041237112 7.11603021375046
1719 5.65979381443297 7.19341133087554
137 1.12371134020618 7.26763313909419
1672 5.60309278350514 7.33894352664561
532 1.13917525773196 7.40756230479624
1871 3.5721649484536 7.47368529419783
605 3.42783505154638 7.53748769385469
32 1.53092783505154 7.59912687871956
1718 5.63917525773194 7.65874473839773
346 5.71649484536081 7.71646964442424
1054 4.88659793814431 7.77241811472743
1190 1.64432989690721 7.82669622954503
201 1.29381443298969 7.87940084204185
267 1.31443298969072 7.93062061834493
2447 1.65463917525773 7.9804369350506
163 2.03092783505154 8.02892465701816
2383 4.89690721649483 8.076152814115
2248 4.86082474226803 8.12218519226825
705 3.89690721649483 8.16708085152348
197 5.21134020618555 8.21089458166722
2 2.08762886597938 8.25367730423121
101 1.50515463917525 8.29547642827612
512 1.16494845360824 8.33633616618895
39 6.16494845360823 8.37629781476854
176 4.61340206185566 8.41540000607939
513 1.26288659793814 8.45367893189363
3770 4.90721649484535 8.49116854498951
136 1.19072164948453 8.52790074011227
704 3.88659793814432 8.56390551701442
129 0.154639175257732 8.59921112766369
345 5.67010309278349 8.63384420942859
22 6.22680412371132 8.66782990581432
533 1.07731958762886 8.70119197612014
490 0.577319587628865 8.73395289521592
969 1.08247422680412 8.76613394448755
327 0.860824742268039 8.79775529487277
734 0.577319587628865 8.82883608279877
1111 4.22164948453607 8.85939447973764
193 2.23711340206185 8.88944775601257
216 0.149484536082474 8.91901233941581
602 6.15463917525771 8.94810386913661
596 4.61855670103091 8.97673724544232
211 5.46391752577318 9.00492667550771
1717 5.60309278350514 9.03268571574551
12 5.11340206185565 9.06002731095376
14 0.391752577319587 9.08696383056311
565 6.15463917525771 9.11350710223793
475 0.860824742268039 9.13966844305993
950 3.63402061855669 9.16545868849985
444 3.89690721649483 9.19088821936302
959 1.7680412371134 9.21596698687635
281 4.09278350515463 9.24070453606868
234 1.51030927835051 9.26511002758166
441 4.88659793814431 9.28919225803624
985 1.33505154639175 9.3129596790678
413 1.1340206185567 9.33642041513308
2463 5.95876288659792 9.35958228018296
730 3.90721649484535 9.38245279328634
779 4.22164948453607 9.40503919328371
100 1.21134020618556 9.42734845254156
968 1.08762886597938 9.44938728987309
851 5.56185567010307 9.4711621826853
1064 0.345360824742268 9.49267937840713
927 5.70618556701029 9.51394490524929
635 1.51030927835051 9.53496458234216
73 4.61855670103091 9.5557440292942
1572 1.08247422680412 9.57628867521044
162 5.8144329896907 9.59660376720703
1116 4.22164948453607 9.61669437845537
539 3.72164948453607 9.63656541578663
52 1.61855670103092 9.6562216268852
158 2.01546391752577 9.67566760709747
1413 0.860824742268039 9.69490780588026
843 4.61855670103091 9.71394653291171
3724 5.11340206185565 9.73278796388543
1037 1.88144329896907 9.75143614600759
1104 4.22164948453607 9.7698950032149
1112 4.22164948453607 9.78816834113036
85 2.62371134020618 9.80625985177248
138 1.22164948453608 9.8241731180325
320 4.72164948453607 9.84191161793316
1445 3.48969072164947 9.85947872868178
40 6.15463917525771 9.87687773052932
1513 3.10309278350514 9.89411181044667
1055 5.02577319587627 9.9111840656282
521 1.80927835051546 9.92809750683241
375 1.80927835051546 9.94485506156863
1446 3.19072164948453 9.96145957713822
1470 3.42268041237112 9.97791382353807
1523 1.55670103092783 9.994220496234
703 1.14432989690721 10.0103822188108
1613 1.07731958762886 10.0264015455056
756 5.52577319587627 10.0422809636306
880 3.52061855670102 10.0580228958909
390 4.77319587628864 10.0736297026025
23 6.23195876288658 10.0891036838169
410 5.80927835051545 10.1044470813548
1342 4.80927835051545 10.1196620807557
576 1.89175257731958 10.1347508131461
1826 4.09278350515463 10.1497153570307
604 5.65463917525771 10.1645577400109
1345 3.3041237113402 10.1792799404339
492 4.78865979381442 10.1938838889744
1480 3.55154639175257 10.2083714701547
84 0.860824742268039 10.222744523804
1199 4.78865979381442 10.2370048464604
620 5.0463917525773 10.2511541927187
459 5.67525773195874 10.2651942765258
90 1.51030927835051 10.2791267724268
330 5.59793814432988 10.2929533167636
850 5.50515463917524 10.3066755088279
709 3.89175257731958 10.3202949119718
964 2.91752577319587 10.3338130546764
1469 3.44845360824741 10.3472314315812
251 4.49484536082473 10.3605515044759
548 3.77835051546391 10.373774703256
57 6.03608247422678 10.3869024268442
1479 3.40206185567009 10.399936044078
1107 4.23195876288658 10.4128768945669
1110 1.88144329896907 10.4257262895179
1362 2.83505154639174 10.4384855125337
184 2.38659793814432 10.4511558203811
830 5.60824742268039 10.4637384437349
1106 4.2061855670103 10.4762345878944
926 5.5463917525773 10.488645433477
166 1.76288659793814 10.5009721370868
1101 1.88144329896907 10.5132158319619
706 3.98969072164947 10.5253776285997
34 0.396907216494845 10.537458615361
751 5.63402061855668 10.5494598590543
1105 1.88144329896907 10.5613824055019
420 3.32989690721648 10.5732272800859
719 3.89690721649483 10.5849954882779
1103 1.88144329896907 10.5966880161512
1050 5.03608247422679 10.6083058308762
1451 3.2422680412371 10.619849881201
1424 1.22164948453608 10.6313210979161
1341 4.78865979381442 10.6427203943044
422 1.32989690721649 10.6540486665783
222 2.87113402061855 10.6653067943018
858 4.88659793814431 10.6764956408007
890 3.57731958762885 10.6876160535596
821 1.05670103092783 10.6986688646076
810 0.515463917525772 10.7096548908912
1449 3.3762886597938 10.720574934637
1689 3.00515463917525 10.7314297837034
435 2.38659793814432 10.7422202119212
181 2.38659793814432 10.7529469794252
1423 0.752577319587627 10.763610832975
515 1.58762886597938 10.7742125062674
298 4.72164948453607 10.7847527202389
223 2.95876288659793 10.7952321833602
179 0.350515463917526 10.805651591922
418 3.46907216494844 10.8160116303123
827 6.23195876288658 10.8263129712862
1347 3.35567010309277 10.8365562762285
792 0.0618556701030928 10.8467421954079
183 1.65463917525773 10.8568713682251
795 0.0618556701030928 10.8669444234535
918 5.58762886597936 10.8769619794735
598 5.57731958762885 10.8869246445
1465 3.27835051546391 10.8968330168047
182 2.38659793814432 10.9066876849308
802 0.515463917525772 10.9164892279033
870 0.577319587628865 10.9262382154331
434 2.38659793814432 10.9359352081156
2364 2.79896907216494 10.9455807576241
682 3.90206185567009 10.9551754068983
755 5.61855670103091 10.9647196903277
957 3.06185567010308 10.9742141339298
1109 1.87628865979381 10.9836592555245
1516 3.14948453608246 10.9930555649035
1467 3.26153846153845 11.0024035639952
1224 3.38775510204085 11.0117037470257
757 5.62436548223357 11.0209566006756
67 0.409090909090909 11.030162604233
1512 3.4371859296482 11.039322229742
250 5.03499999999991 11.0484359421484
658 0.835820895522386 11.0575041994412
279 0.465346534653466 11.0665274527906
1487 3.16748768472911 11.0755061466825
6 2.1813725490196 11.0844407190506
1108 1.86829268292683 11.0933316014037
652 0.907766990291262 11.1021792189512
1464 3.21739130434784 11.1109839907254
220 4.70673076923088 11.1197463296999
278 0.464114832535886 11.1284666429062
1679 5.49047619047617 11.1371453315474
3 5.2085308056873 11.1457827911085
1450 3.31603773584903 11.1543794114648
1422 3.13145539906101 11.1629355769873
1081 0.906542056074762 11.1714516666463
1373 3.0790697674419 11.1799280541114
1346 3.29166666666669 11.1883651078505
1490 3.34101382488477 11.1967631912256
1485 3.22935779816511 11.2051226625867
1468 3.365296803653 11.2134438753638
924 5.64545454545461 11.2217271781563
302 2.66515837104072 11.2299729148206
1458 3.17567567567571 11.2381814245562
1511 3.4125560538116 11.2463530419886
934 5.57142857142849 11.2544880972521
1499 3.2044444444444 11.2625869160691
94 4.60619469026553 11.2706498198289
266 1.32158590308371 11.2786771256636
178 6.03508771929834 11.2866691465237
1478 3.32314410480344 11.2946261912506
1690 2.76521739130437 11.3025485646487
5 5.1991341991342 11.3104365675553
618 3.99137931034489 11.3182904969089
1492 3.25321888412015 11.3261106458169
2557 2.89316239316238 11.3338973036206
560 4.79574468085112 11.3416507559596
37 6.15677966101715 11.3493712848349
48 6.02953586497883 11.3570591686704
998 5.61344537815124 11.3647146823729
700 0.887029288702926 11.3723380973911
923 5.60416666666667 11.3799296817738
1441 4.81327800829874 11.3874897002259
864 1.34297520661158 11.3950184141642
1974 3.03292181069958 11.4025160817712
1618 3.67622950819668 11.4099829580487
1506 3.34693877551024 11.4174192948697
1453 3.28455284552843 11.424825341029
921 5.53846153846149 11.4322013422938
1209 2.81854838709678 11.439547541452
1484 3.12048192771088 11.4468641783606
189 2.98 11.4541514899925
11 5.13147410358565 11.4614097104825
1489 3.50396825396824 11.4686390711728
1954 3.59288537549405 11.4758398006566
1476 3.15748031496062 11.4830121248221
925 5.63921568627449 11.4901562668946
456 2.7265625 11.4972724474785
863 1.34241245136186 11.5043608845979
1466 3.56589147286822 11.5114217937368
1114 4.21621621621631 11.5184553878784
502 2.39230769230768 11.5254618775439
1571 1.68199233716476 11.5324414708296
2626 3.14122137404583 11.5393943734449
1447 3.09125475285173 11.5463207887479
2451 2.85227272727278 11.5532209177817
654 0.0188679245283019 11.5600949593088
1503 3.39473684210522 11.566943109846
1632 1.21348314606742 11.5737655636979
1483 3.0485074626866 11.5805625129899
1603 3.0223048327137 11.5873341477008
1604 2.94074074074071 11.5940806556945
1337 3.11439114391147 11.6008022227515
1481 3.18382352941183 11.6074990325993
1574 2.04029304029303 11.6141712669428
530 3.77737226277379 11.620819105494
966 1.11636363636364 11.6274427260003
1542 2.88405797101445 11.6340423042741
1474 3.27075812274372 11.6406180142199
1955 3.72302158273379 11.6471700278623
536 1.46594982078852 11.6536985153727
919 5.5535714285716 11.6602036450961
370 0.466192170818504 11.666685583577
226 1.56028368794325 11.6731444955849
1569 6.18021201413432 11.6795805441397
674 3.07042253521133 11.685993890536
1566 1.6701754385965 11.6923846943677
882 3.04195804195801 11.6987531135517
547 3.77700348432065 11.7050993043513
1352 3.29861111111117 11.7114234213992
653 2.99307958477506 11.7177256177201
1230 0.913793103448277 11.724006044753
1443 4.38831615120273 11.7302648523729
1622 1.06849315068493 11.7365021889125
659 2.69965870307166 11.742718201183
580 0.755102040816327 11.7489130344951
1087 2.90508474576273 11.755086832679
2617 2.96959459459461 11.7612397381048
146 2.68350168350173 11.7673718917024
1956 3.60402684563763 11.77348343298
287 0.869565217391304 11.7795745000442
2693 3.01333333333338 11.7856452296178
988 5.51495016611307 11.7916957570591
1683 5.66556291390716 11.797726216379
970 1.11551155115512 11.80373674026
1978 3.12500000000006 11.8097274600724
1501 3.67540983606554 11.8156985058928
963 3.05555555555555 11.82165000652
910 6.23127035830589 11.8275820894924
1235 3.08441558441561 11.833494881104
1502 3.16181229773459 11.8393885064206
2636 2.86129032258067 11.845263089296
793 0.0610932475884245 11.851118752387
1563 2.74358974358973 11.8569556171692
958 1.35463258785942 11.8627738039523
2450 2.78343949044592 11.8685734318943
1452 3.23492063492062 11.8743546190168
798 0.060126582278481 11.8801174822191
1684 2.64984227129336 11.8858621372925
721 3.90880503144651 11.8915886989341
357 3.3354231974921 11.8972972807608
1699 2.93124999999997 11.9029879953225
1610 2.80996884735196 11.9086609541157
519 2.71428571428568 11.9143162675964
986 1.36532507739939 11.9199540451932
1086 3.02777777777772 11.9255743953199
796 0.0615384615384615 11.9311774253879
2628 3.13803680981602 11.9367632418187
190 4.617737003058 11.9423319500561
19 5.19817073170717 11.9478836545777
2627 2.9878419452888 11.9534184589072
549 5.03636363636352 11.9589364656257
1351 3.09667673716017 11.964437776383
1507 3.21084337349401 11.9699224919093
1500 3.30930930930925 11.9753907120255
1997 2.94910179640716 11.9808425356551
1573 2.28656716417909 11.9862780608339
922 5.53273809523834 11.9916973847215
748 4.08011869436216 11.9971006036108
1642 1.06508875739645 12.0024878129393
601 6.12684365781731 12.0078591072983
309 0.0176470588235294 12.0132145804433
233 0.340175953079179 12.0185543253039
2539 2.84502923976613 12.0238784339931
794 0.0612244897959184 12.0291869978174
98 4.72965116279061 12.0344801072855
175 6.04347826086935 12.0397578521181
1234 3.10982658959532 12.045020321257
79 5.90489913544648 12.0502676028736
290 6.04310344827603 12.0554997843783
509 0.0601719197707737 12.0607169524291
1454 3.19714285714279 12.0659191929401
1378 2.30769230769231 12.0711065910899
797 0.0596590909090909 12.0762792313304
1966 3.53257790368279 12.0814371973944
362 2.82768361581922 12.0865805723043
482 2.38591549295774 12.09170943838
364 3.37078651685387 12.0968238772466
655 0.0168067226890756 12.1019239698423
124 0.0167597765363128 12.107009796426
1498 3.15320334261835 12.1120814365852
1493 3.68055555555554 12.1171389692432
2698 4.10249307479236 12.1221824726663
1113 4.22651933701665 12.1272120244716
1686 5.49862258953155 12.1322277016336
1488 3.17857142857142 12.1372295804915
1514 3.0739726027398 12.1422177367565
1042 3.5409836065574 12.1471922455181
1565 1.64305177111716 12.1521531812512
670 4.40217391304336 12.1571006178228
1665 0.869918699186995 12.1620346284984
854 0.913513513513507 12.1669552859489
656 0.0161725067385445 12.1718626622564
671 0.868279569892472 12.1767568289214
1605 3.03753351206426 12.181637856868
66 0.516042780748664 12.1865058164512
1415 5.11199999999997 12.1913607774618
108 0.0159574468085106 12.1962028091336
1270 4.90450928381964 12.2010319801484
1459 3.28835978835983 12.2058483586422
243 6.02638522427461 12.210652012211
2574 2.77631578947362 12.2154430079164
2599 2.99737532808395 12.2202214122915
2452 2.90052356020948 12.2249872913458
337 3.47780678851179 12.2297407105714
2637 2.75520833333331 12.2344817349479
1496 3.17142857142858 12.239210428948
421 3.46113989637307 12.2439268565426
664 4.89922480620157 12.2486310812062
1517 1.63144329896907 12.2533231659216
209 6.05141388174826 12.2580031731855
82 4.7153846153846 12.2626711650133
2388 4.9104859335039 12.2673272029436
106 4.60714285714285 12.2719713480438
177 4.61577608142499 12.2766036609143
2552 2.79187817258887 12.2812242016937
1805 2.26835443037976 12.2858330300631
1460 3.26767676767683 12.2904302052511
868 0.594458438287155 12.2950157860378
1348 3.22361809045221 12.2995898307601
1601 3.06516290726811 12.3041523973154
692 0.4625 12.3087035431665
31 1.52618453865335 12.3132433253458
561 2.3805970149254 12.3177718004593
1515 3.1464019851117 12.3222890246914
1704 2.73514851485142 12.3267950538086
1080 4.73086419753105 12.3312899431639
368 0.837438423645327 12.3357737477006
1631 1.13022113022113 12.3402465219567
881 3.58578431372548 12.3447083200687
657 0.855745721271389 12.3491591957753
1296 3.43170731707317 12.3535992024217
1712 5.63017031630191 12.3580283929633
2348 3.36165048543688 12.3624468199693
1608 3.01694915254231 12.3668545356266
147 2.23671497584542 12.3712515917435
2703 3.12771084337345 12.3756380397533
761 1.53365384615387 12.3800139307179
1688 2.64028776978416 12.3843793153316
855 2.69138755980865 12.3887342439243
2495 3.67064439140806 12.393078766465
595 1.89761904761904 12.3974129325655
2493 1.8978622327791 12.4017367914836
2389 4.87203791469207 12.4060503921266
3713 3.08747044917259 12.4103537830543
114 0.0165094339622642 12.4146470124828
1695 2.67529411764711 12.4189301282873
914 5.72300469483586 12.4232031780054
1977 4.37704918032772 12.4274662088404
1988 2.97429906542049 12.4317192676644
975 6.15617715617682 12.4359624010211
3719 3.3511627906976 12.4401956551295
440 1.90719257540601 12.4444190758861
1393 1.50925925925927 12.4486327088686
732 3.90762124711307 12.4528365993384
696 0.903225806451619 12.4570307922437
142 0.0183908045977011 12.4612153322223
1995 2.96559633027518 12.4653902636048
424 0.352402745995423 12.4695556304167
63 3.6552511415526 12.4737114763819
790 2.87699316628702 12.477857844925
2649 2.92500000000004 12.4819947791744
350 0.410430839002267 12.4861223219645
1685 2.65610859728506 12.4902405158387
1725 3.85778781038388 12.4943494030523
1682 5.43018018018035 12.4984490255742
1691 2.70786516853932 12.5025394250906
951 4.49551569506725 12.5066206430067
185 2.66442953020137 12.5106927204494
89 5.03348214285724 12.5147556982702
694 0.87082405345211 12.518809617047
109 5.22000000000006 12.5228545170872
1357 3.13525498891362 12.5268904384296
3699 3.05309734513279 12.530917420847
746 3.69757174392921 12.5349355038484
1607 2.98458149779728 12.5389447266817
1963 3.72747252747252 12.5429451283356
839 4.61622807017553 12.5469367475418
953 0.903719912472644 12.5509196227778
826 2.82314410480344 12.5548937922687
1127 3.57080610021793 12.5588592939894
866 4.89347826086944 12.5628161656668
3716 3.38177874186546 12.5667644447823
462 1.26190476190477 12.5707041685734
920 5.95896328293715 12.5746353740361
1379 4.79741379310337 12.578558097927
1600 3.04516129032252 12.5824723767654
115 0.849785407725327 12.586378246835
2449 3.00856531049253 12.5902757441864
439 0.397435897435897 12.5941649046386
679 2.18123667377399 12.5980457637816
2001 3.20000000000005 12.6019183569777
460 0.800424628450106 12.6057827193637
3072 3.42796610169503 12.609638885853
967 1.18816067653278 12.6134868911373
1003 3.11814345991557 12.6173267696885
18 0.141052631578947 12.6211585557604
600 6.12605042016805 12.624982283391
1984 3.61635220125778 12.6287979864035
832 4.49163179916314 12.6326056984092
962 1.81628392484341 12.6364054528082
1701 2.75 12.6401972827919
2455 2.38877338877334 12.6439812213443
443 5.95435684647301 12.647757301244
1461 3.16356107660448 12.6515255550658
174 6.02685950413253 12.6552860151822
943 5.67010309278349 12.6590387137656
1702 5.44032921810724 12.6627836827893
140 0.577002053388087 12.6665209540294
407 0.352459016393442 12.6702505590668
2448 2.85685071574637 12.6739725292881
1018 6.03877551020415 12.6776868958878
2653 2.60488798370666 12.6813936898693
1463 3.31300813008123 12.6850929420471
1482 3.24746450304267 12.6887846830478
2612 2.8056680161943 12.6924689433119
276 2.18181818181817 12.6961457530951
572 3.89717741935477 12.6998151424701
2566 3.10663983903423 12.7034771413277
2705 3.25702811244984 12.7071317793786
1539 2.03006012024043 12.7107790861548
619 2.9539999999999 12.7144190910105
2632 3.31936127744504 12.7180518231245
231 5.19521912350624 12.7216773115006
191 4.60636182902583 12.7252955849697
1656 3.35912698412697 12.7289066721909
195 2.18019801980198 12.7325106016527
1509 3.29446640316218 12.7361074016747
1710 2.9999999999999 12.7396971004087
2387 4.9015748031498 12.7432797258402
2525 5.81728880157166 12.7468553057893
784 4.39607843137253 12.7504238679127
2002 3.05870841487273 12.7539854397042
173 1.466796875 12.7575400484966
590 4.71539961013657 12.7610877214625
1228 2.25875486381322 12.7646284856159
395 4.62135922330113 12.7681623678133
981 6.04651162790652 12.7716893947548
396 4.62088974854935 12.7752095929855
1557 2.93629343629343 12.7787229888965
1067 0.134874759152216 12.7822296087264
765 1.80961538461538 12.785729478562
1289 4.79846449136256 12.7892226243399
489 3.63409961685808 12.7927090718477
1287 3.25047801147225 12.7961888467246
38 6.16030534351119 12.799661974463
445 3.89523809523823 12.8031284804095
1989 3.0817490494296 12.806588389766
1416 3.23908918406079 12.8100417275908
562 3.09469696969704 12.8134885187998
1968 4.36862003780703 12.8169287881671
1473 3.32641509433976 12.8203625603269
1868 3.06779661016939 12.8237898597737
1305 0.904135338345858 12.8272107108641
1475 3.2739212007504 12.8306251378172
1680 1.66292134831457 12.834033164716
360 6.04112149532669 12.8374348155084
97 1.46828358208957 12.840830114008
1046 2.635009310987 12.8442190838954
905 3.53159851301107 12.8476017487189
241 0.57699443413729 12.8509781318956
291 5.20185185185177 12.8543482567126
2735 2.27726432532347 12.8577121463274
1621 1.1070110701107 12.8610698237695
782 2.64456721915295 12.864421311941
909 6.23161764705912 12.8677666336174
402 3.75045871559623 12.8711058114488
623 1.46336996336996 12.8744388679609
2589 2.84095063985379 12.8777658255556
2875 4.49817518248178 12.881086706512
933 5.55009107468145 12.8844015329875
2718 3.14363636363639 12.8877103270184
1102 1.88384754990921 12.8910131105209
1698 2.8659420289854 12.8943099052922
675 4.71247739602164 12.8976007330108
1505 3.20758122743686 12.900885615238
113 3.41801801801799 12.9041645734183
1315 2.94424460431665 12.9074376288803
1419 3.02513464991034 12.910704802838
71 1.76164874551973 12.9139661163908
676 3.6905187835419 12.9172215905249
1472 3.49821428571446 12.9204712461142
789 2.87700534759363 12.9237151039205
1131 4.90391459074732 12.9269531845951
3819 2.9769094138543 12.9301855086787
1456 3.28191489361698 12.933412096603
2385 4.89557522123906 12.936632968691
2727 3.09893992932864 12.9398481451578
2569 2.77072310405637 12.9430576461116
499 0.466549295774647 12.9462614915541
408 5.04569420035171 12.9494597013817
1457 3.29649122807002 12.9526522953858
1354 4.08581436077073 12.9558392932538
1816 2.21328671328666 12.9590207145698
942 5.68760907504362 12.9621965788152
289 6.04355400696892 12.9653669053694
928 5.55652173913063 12.9685317135108
2644 2.81423611111118 12.9716910224173
987 1.33622183708838 12.9748448511667
801 0.0657439446366782 12.9779932187381
2716 3.07599309153709 12.981136144012
2661 2.59482758620683 12.984273645771
636 6.01893287435428 12.9874057427009
446 3.63402061855669 12.990532453391
1486 2.84905660377361 12.9936537963347
61 6.03938356164368 12.9967697899306
2701 4.48888888888887 12.9998804524827
2641 2.78839590443688 13.0029858022011
787 3.34412265758077 13.0060858572031
2724 3.38435374149666 13.0091806355131
316 6.03904923599293 13.012270155064
607 6.05593220339007 13.015354433697
1957 3.72758037225059 13.0184334891631
849 5.0337837837838 13.0215073391229
41 6.15345699831354 13.0245760011479
994 5.19528619528633 13.0276394927205
263 0.344537815126049 13.030697831235
1964 4.38255033557022 13.0337510339981
911 6.23115577889465 13.0367991182295
473 5.20234113712402 13.0398421010622
1504 3.33722871452419 13.0428799995437
1065 3.50999999999987 13.0459128306359
2651 2.72046589018303 13.048940611216
977 6.15780730896972 13.0519633580771
3718 3.12271973466001 13.0549810879287
952 0.867549668874163 13.0579938173971
3715 3.1123966942148 13.0610015630263
742 3.77557755775566 13.064004341278
1624 4.90609555189464 13.0670021685329
1115 4.2187500000001 13.0699950610905
207 3.81116584564854 13.07298303517
1625 4.90491803278683 13.0759661069108
778 1.55646481178398 13.0789442923731
1531 2.88888888888888 13.0819176075381
2643 2.83034257748778 13.0848860683088
995 0.46742671009772 13.0878496905104
1705 2.67154471544713 13.0908084898911
2702 3.36850649350633 13.093762482122
1965 4.40842787682317 13.0967116827982
764 1.81067961165046 13.0996561074387
941 5.54281098546016 13.1025957714876
3708 3.51290322580637 13.1055306903141
517 3.3913043478261 13.1084608792129
1962 3.72668810289381 13.1113863534051
815 0.467094703049757 13.1143071280383
1623 1.06410256410256 13.1172232181873
325 4.72479999999974 13.1201346388546
649 2.66453674121411 13.1230414049704
527 4.77352472089326 13.1259435313937
1152 4.79299363057323 13.1288410329124
1546 0.887122416534183 13.1317339242437
633 3.30158730158729 13.1346222200349
665 1.76228209191756 13.1375059348633
153 1.49367088607596 13.1403850832372
860 1.90679304897319 13.143259679596
1049 5.03943217665641 13.1461297383106
1570 2.25196850393701 13.1489952736842
2706 3.48270440251565 13.1518562999522
1491 3.33281004709581 13.1547128312832
2697 3.4075235109717 13.1575648817789
758 5.56651017214399 13.1604124654748
2648 2.9109374999999 13.1632555963406
2720 3.05148205928232 13.1660942882805
1495 3.18068535825536 13.1689285551338
1047 3.15552099533449 13.171758410675
2717 3.49534161490678 13.1745838686145
1970 4.39224806201574 13.1774049425989
323 2.83900928792573 13.1802216462113
673 3.07109737248851 13.1830339929718
899 6.04783950617309 13.185841996338
1409 0.910631741140223 13.1886456697049
1536 3.13384615384623 13.191445026406
128 0.35637480798771 13.194240079713
1568 3.01993865030673 13.1970308428368
2907 3.15926493108715 13.1998173289273
1069 0.134556574923547 13.2025995510742
651 2.66412213740464 13.205377522307
1975 4.36280487804875 13.2081512555958
2103 3.37899543379006 13.2109207638513
731 3.91337386018246 13.2136860599253
724 0.408194233687405 13.2164471566111
3714 3.11666666666659 13.2192040666438
1477 3.27534039334345 13.2219568027005
194 0.16012084592145 13.2247053774011
845 2.22021116138762 13.2274498033081
2559 3.03012048192759 13.2301900929273
2554 2.89774436090224 13.2329262587081
1561 4.72972972972973 13.2356583130436
990 3.18740629685172 13.2383862682713
2642 2.26347305389219 13.2411101366732
1861 3.50074738415558 13.2438299304761
999 2.29552238805971 13.246545661852
978 6.15499254843547 13.2492573429187
1567 2.96279761904775 13.2519649857396
2093 2.88112927191678 13.2546686023242
680 2.75964391691407 13.2573682046289
1254 3.03555555555548 13.2600638045566
2673 2.61242603550301 13.2627554139574
1548 3.45642540620379 13.2654430446289
1911 3.01032448377591 13.2681267083164
2715 3.03976435935198 13.2708064167133
1564 1.53970588235294 13.2734821814614
2635 2.8590308370043 13.2761540141511
930 5.55865102639343 13.2788219263219
3831 2.98975109809653 13.2814859294625
3690 2.27339181286554 13.2841460350112
53 1.65985401459852 13.2868022543561
1350 2.20699708454816 13.2894545988354
336 1.19213973799128 13.2921030797381
274 4.71947674418597 13.2947477083035
1325 2.92743105950662 13.2973884957223
2732 2.9463768115941 13.3000254531362
1675 2.48046309696098 13.3026585916387
2586 2.97254335260124 13.305287922275
1044 2.03318903318898 13.3079134560427
1359 3.0014409221901 13.3105352038917
359 2.20143884892079 13.3131531767244
2384 4.87787356321843 13.3157673853964
2512 3.08895265423248 13.3183778407166
1146 4.7363896848138 13.3209845534472
2581 3.39771101573668 13.3235875343044
1981 4.41285714285705 13.3261867939582
3847 2.95149786019961 13.3287823430331
610 6.04700854700827 13.331374192108
818 5.53627311522038 13.3339623517169
776 3.56107954545463 13.3365468323484
1674 2.48085106382967 13.339127644447
3083 3.53116147308796 13.3417047984124
627 2.25459688826021 13.3442783046003
752 5.54096045197761 13.3468481733224
1599 5.19464033850505 13.3494144148468
469 5.13098591549344 13.3519770393981
2657 2.63150492264421 13.3545360571579
2026 2.93398876404484 13.3570914782647
487 2.9593267882187 13.3596433128144
896 3.75770308123248 13.3621915708603
141 0.356643356643355 13.3647362624138
2386 4.89664804469249 13.3672773974441
525 3.82287308228712 13.3698149858786
634 6.02924791086407 13.3723490376033
1950 1.66620305980528 13.374879562463
1748 3.37361111111132 13.3774065702613
1972 4.3730929264911 13.379930070761
973 6.12603878116381 13.3824500736844
1358 3.58229598893498 13.3849665887134
1258 4.71270718232021 13.3874796254897
471 0.353103448275861 13.3899891936151
2684 3.35261707988973 13.3924953026516
626 5.21458046767524 13.394997962122
728 3.89972527472526 13.3974971815096
3848 2.98216735253765 13.3999929702587
1494 3.47397260273983 13.4024853377746
1952 6.16689466484288 13.4049742934243
2696 3.44125683060094 13.4074598465362
254 2.01637107776265 13.4099420064005
1959 3.726158038147 13.4124207822693
1637 1.12380952380952 13.4148961833572
3842 3.01494565217381 13.4173682188409
3835 2.99592944369079 13.4198368978599
9 0.159891598915989 13.4223022295165
1609 0.738836265223268 13.424764222876
824 3.09324324324321 13.4272228869669
2100 2.92172739541147 13.4296782307813
200 2.63746630727772 13.4321302632745
847 2.22072678331083 13.4345789933661
3693 2.2486559139786 13.4370244299394
617 0.343624161073824 13.4394665818421
901 5.88203753351231 13.4419054578861
3855 3.0468540829987 13.444341066848
1634 1.12566844919785 13.4467734174692
2532 3.34979973297734 13.449202518456
753 5.55199999999965 13.4516283784799
3809 3.05725699067923 13.4540510061777
3096 3.12898936170209 13.4564704101517
992 2.90836653386454 13.45888659897
538 2.22546419098146 13.4612995811665
2152 3.4543046357617 13.4637093652411
3840 3.01851851851844 13.4661159596603
1060 5.51122853368598 13.4685193728565
2000 2.67941952506602 13.470919613229
81 5.0447957839259 13.4733166891441
720 3.89868421052618 13.4757106089345
2284 2.84756898817352 13.4781013809005
997 6.04461942257189 13.4804890133095
2729 3.10091743119271 13.4828735143965
947 2.28141361256545 13.4852548923639
1497 3.19477124183005 13.4876331553821
1137 4.78590078328951 13.4900083115894
3864 3.10821382007816 13.4923803690925
1993 3.17317708333342 13.494749335966
3822 3.08582574772445 13.4971152202532
1971 2.60909090909085 13.4994780299661
2605 2.65369649805447 13.5018377730853
1070 0.134715025906736 13.5041944575607
767 4.39844760672709 13.506548091311
2723 3.40568475452208 13.5088986822242
3720 3.04387096774203 13.5112462381581
1455 3.26546391752576 13.5135907669397
1559 1.63835263835261 13.5159322763659
2531 3.07712082262221 13.5182707742036
2726 2.30038510911426 13.5206062681897
2060 2.86410256410255 13.5229387660313
1353 1.12163892445582 13.525268275406
791 2.87851662404101 13.5275948039617
1709 2.61558109833976 13.5299183593171
3089 3.33928571428584 13.5322389490618
288 0.582165605095541 13.5345565807564
1510 3.50763358778648 13.5368712619324
2390 4.89199491740782 13.5391830000927
819 2.60025380710665 13.5414918027118
1275 4.79340937896059 13.5437976772354
3816 3.46455696202533 13.5461006310812
848 2.21997471554993 13.5484006716387
2137 2.85479797979804 13.5506978062691
2629 3.14501891551059 13.5529920423063
1508 3.20151133501248 13.5552833870559
3774 2.01383647798742 13.5575718477962
980 6.16331658291447 13.5598574317782
976 6.1505646173147 13.5621401462251
3897 5.48245614035129 13.5644199983335
3843 2.96745932415511 13.5666969952725
2538 3.05000000000013 13.5689711441846
891 5.92134831460674 13.5712424521854
2733 3.1396508728179 13.5735109263639
897 3.75716064757162 13.5757765737825
1462 3.21393034825876 13.5780394014774
1641 1.13043478260871 13.5802994164585
192 4.61414392059549 13.5825566257095
88 1.48822800495666 13.5848110361883
3133 5.29579207920801 13.5870626548267
239 3.16563658838061 13.5893114885311
305 2.84320987654334 13.591557544182
2956 3.15166461159053 13.5938008286346
2011 3.06650246305425 13.5960413487187
232 6.01845018450249 13.5982791112389
2695 3.36363636363624 13.6005141229748
2631 2.99141104294477 13.6027463906808
1198 3.67769607843166 13.6049759210867
344 6.05385556915569 13.6072027208975
783 4.38508557457221 13.6094267967934
637 2.48107448107447 13.6116481554303
468 2.08780487804877 13.6138668034398
308 4.59683313032896 13.6160827474291
2622 2.8029197080293 13.6182959939814
859 1.90765492102072 13.6205065496558
1697 5.53033980582562 13.6227144209874
735 6.04121212121142 13.6249196144878
2730 3.11138014527849 13.6271221366447
2573 3.3216444981861 13.6293219939224
799 0.0652173913043478 13.6315191927616
1562 1.63570566948131 13.6337137395798
529 3.77228915662635 13.6359056407714
452 2.91335740072199 13.6380949027074
1297 4.88100961538459 13.640281531736
1157 2.01200480192081 13.6424655341826
1677 5.52637889688303 13.6446469163497
2662 2.64670658682628 13.6468256845172
2215 3.31100478468907 13.6490018449424
332 4.72162485065701 13.6511754038601
1987 3.16945107398562 13.6533463674831
1740 3.82240762812898 13.6555147420015
2865 0.871428571428569 13.6576805335836
437 1.29369797859693 13.6598437483755
1743 3.13657957244658 13.6620043925017
503 6.03321470937099 13.6641624720645
541 1.81279620853085 13.6663179931447
1630 1.13964497041418 13.6684709618014
3616 3.30732860520079 13.6706213840724
45 0.160566706021251 13.6727692659739
180 2.37617924528296 13.6749146135009
1183 4.40518256772677 13.6770574326272
3080 3.25882352941162 13.6791977293054
3697 2.24559341950652 13.6813355094672
3815 3.40962441314571 13.6834707790235
2708 3.39273153575619 13.6856035438642
979 6.16510538641717 13.6877338098585
3036 3.08304093567244 13.6898615828552
1017 4.7990654205606 13.6919868686824
2498 5.04900816802826 13.694109673148
1611 0.742424242424248 13.6962300020392
208 3.81140861466789 13.6983478611234
2584 2.82558139534872 13.7004632561476
467 1.52613240418117 13.7025761928388
949 3.81090487238965 13.7046866769042
419 5.72305909617606 13.706794714031
1448 3.28703703703711 13.7089003098867
2184 3.38034682080939 13.7110034701191
2593 3.34295612009225 13.7131042003564
1760 3.05997693194917 13.7152025062075
935 5.56797235023028 13.7172983932617
939 5.54890678941356 13.7193918670891
331 4.72183908045965 13.7214829332404
311 3.12629161882908 13.7235715972475
2462 3.78211009174337 13.7256578646229
842 4.61970217640319 13.7277417408604
800 0.0652173913043479 13.7298232314348
202 1.16571428571427 13.7319023418022
1206 6.05136986301391 13.7339790774
873 2.53933865450391 13.7360534436469
1980 4.3804100227789 13.7381254459431
2946 3.07281001137648 13.7401950896705
2085 2.83181818181813 13.7422623801925
7 2.39727582292854 13.7443273228542
2638 2.82086167800463 13.7463899229825
1120 5.02491506228754 13.7484501858865
283 2.02714932126696 13.7505081168568
1202 0.646327683615812 13.7525637211664
275 2.95823927765252 13.7546170040703
104 6.03043968432881 13.7566679708058
1043 2.03378378378384 13.7587166265923
1326 3.4296962879642 13.7607629766318
683 3.48539325842684 13.7628070261087
477 0.867564534231197 13.7648487801898
307 4.59641255605346 13.7668882440248
1635 1.1276595744681 13.7689254227456
3736 4.59619686800878 13.7709603214675
2120 2.93854748603345 13.7729929452881
1061 5.54464285714281 13.7750232992882
3706 2.26086956521746 13.7770513885316
1045 2.03452115812915 13.7790772180651
2245 2.92880978865397 13.7811007929186
2725 3.31777777777792 13.7831221181053
1436 3.66148723640404 13.7851411986217
1711 5.53436807095314 13.7871580394477
3154 2.21040974529347 13.7891726455465
581 0.390486725663714 13.7911850218651
143 5.86961325966858 13.7931951733337
1093 0.339955849889626 13.7952031048665
2900 2.95589856670332 13.7972088213613
2055 3.61123348017608 13.7992123276998
3872 2.94279427942808 13.8012136287474
2692 3.66153846153845 13.8032127293536
546 2.55214050493973 13.8052096343519
259 5.19736842105276 13.8072043485599
3853 3.64841182913448 13.8091968767792
2322 2.9857768052516 13.8111872237959
2436 0.250273224043715 13.8131753943802
1982 4.39410480349351 13.8151613932868
841 4.61177753544185 13.8171452252547
2329 3.00326797385612 13.8191268950074
2652 2.86833514689874 13.8211064072533
763 4.72499999999981 13.8230837666849
2381 1.89793702497286 13.8250589779798
603 5.54013015184372 13.8270320458004
21 6.23401950162464 13.8290029747936
1343 4.79004329004366 13.8309717695914
16 0.140540540540541 13.832938434811
3385 2.92332613390919 13.8349029750542
458 0.245954692556634 13.8368653949081
3779 3.51508620689631 13.8388256989451
2650 2.65877287405801 13.8407838917226
2687 3.01182795698909 13.8427399777835
3704 2.22878625134266 13.8446939616558
1706 5.54184549356181 13.8466458478531
3915 2.90246516613085 13.8485956408744
740 0.141327623126338 13.8505433452044
542 1.81283422459888 13.8524889653133
1587 3.45833333333332 13.8544325056567
1040 6.04909284952038 13.8563739706764
2736 3.62153518123687 13.8583133647997
825 2.97124600638969 13.8602506924398
813 0.156382978723404 13.8621859579957
1669 5.55472901169008 13.8641191658527
1545 0.887473460721868 13.8660503203818
383 3.75079533404043 13.8679794259401
416 2.81250000000011 13.8699064868711
3911 2.96402116402123 13.8718315075043
2488 3.02642706131082 13.8737544921554
983 1.19429778247096 13.8756754451267
2230 2.89556962025325 13.8775943707066
2540 3.39936775553239 13.8795112731701
2550 3.44421052631592 13.8814261567785
906 3.89169295478441 13.88333902578
1575 1.26155462184874 13.885249884409
2565 3.03147953829993 13.8871587368869
2045 2.99475890985316 13.8890655874216
454 6.04712041884768 13.8909704402079
3813 3.60878661087862 13.8928732994273
1369 1.75966562173455 13.8947741692483
743 3.77870563674319 13.8966730538263
876 3.69030239833188 13.8985699573037
722 0.408333333333332 13.90046488381
3902 2.97814776274724 13.9023578374616
550 5.03326403326391 13.9042488223624
366 2.21599169262715 13.9061378426031
2180 3.02385892116182 13.9080249022621
3818 3.45284974093247 13.9099100054047
2427 0.254658385093167 13.9117931560839
2722 3.59875904860393 13.9136743583398
2621 3.53719008264487 13.9155536162003
2914 2.95252837977307 13.9174309336807
514 0.582474226804122 13.9193063147837
961 1.80432543769302 13.9211797634999
829 1.63991769547329 13.9230512838074
1670 2.98766700924983 13.924920879672
1694 5.54825462012363 13.9267885550475
3679 2.88717948717939 13.9286543138754
3907 2.90983606557375 13.9305181600849
2634 2.64483111566001 13.9323800975934
2560 3.03885480572582 13.9342401303062
144 5.21246169560762 13.9360982621166
356 6.12653061224531 13.9379544969059
972 6.12742099898089 13.9398088385436
1979 4.39103869653805 13.9416612908874
2630 2.96134282807743 13.9435118577832
391 2.25609756097555 13.9453605430652
2893 2.9756345177664 13.9472073505558
3898 3.00709939148059 13.9490522840659
2224 2.26545086119552 13.9508953473947
149 0.846153846153855 13.9527365443299
44 0.161779575328615 13.9545758786478
478 1.50404040404036 13.9564133541132
3688 2.29162462159432 13.9582489744793
820 0.241935483870968 13.9600827434881
412 0.594159113796572 13.9619146648705
993 0.573440643863178 13.9637447423458
2592 2.9477386934672 13.9655729796222
535 1.5542168674699 13.9673993803967
585 2.21564694082239 13.9692239483553
126 1.22545090180359 13.9710466871729
1360 3.32532532532551 13.972867600513
690 5.52400000000018 13.9746866920286
318 4.70629370629398 13.9765039653615
2446 0.258483033932136 13.9783194241426
3836 3.06380857427737 13.9801330719919
1681 5.54382470119532 13.9819449125187
2704 3.18208955223899 13.9837549493214
3914 2.98310139165022 13.9855631859878
461 3.98907646474682 13.9873696260948
187 6.03273809523807 13.9891742732089
1025 1.6184340931615 13.9909771308858
2611 2.64257425742574 13.9927782026707
139 1.76162215628091 13.9945774920983
2640 2.62944664031637 13.9963750026928
804 0.514313919052322 13.9981707379678
1808 3.03451676528578 13.9999647014268
1251 3.77536945812784 14.0017568965627
49 6.0305118110236 14.0035473268582
171 3.90560471976393 14.0053359957858
1558 1.64538310412579 14.0071229068074
1016 2.91462217860639 14.0089080633751
1932 2.63333333333332 14.0106914689308
1083 2.73947110675794 14.0124731269059
1082 2.73972602739719 14.0142530407223
1267 0.64613880742913 14.0160312137913
284 0.46484375 14.0178076495146
2668 2.61853658536586 14.0195823512838
707 3.98732943469796 14.0213553224806
1094 0.339824732229793 14.0231265664767
3438 2.9328793774319 14.024896086634
940 5.57434402332378 14.0266638863048
729 3.90388349514578 14.0284299688314
387 2.23666343355967 14.0301943375465
3889 3.02906976744163 14.0319569957729
840 4.612778315586 14.0337179468241
3698 2.19729206963249 14.0354771940036
537 1.46280193236718 14.0372347406056
1547 4.79922779922824 14.0389905899146
225 4.77434908389603 14.0407447452057
3865 2.99903660886322 14.0424972097444
723 0.408084696823868 14.044247986787
556 6.22884615384711 14.04599707958
1700 5.44764649375577 14.047744491361
3432 5.3128598848371 14.049490225358
1385 3.78044103547464 14.0512342847898
1678 5.55076628352524 14.0529766728658
3856 3.37224880382801 14.0547173927864
3696 2.25047801147226 14.0564564477427
3850 3.46322827125101 14.0581938409166
1890 0.645992366412216 14.0599295754811
3181 3.14775977121059 14.0616636545998
2721 3.38571428571448 14.0633960814276
1271 0.646051379638439 14.0651268591101
685 1.90874524714823 14.0668559907841
3891 2.92022792022776 14.0685834795774
2007 3.0806451612904 14.0703093286089
417 3.35734597156406 14.0720335409887
152 3.63446969696979 14.0737561198178
1201 5.19962157048236 14.0754770681888
2585 1.19281663516067 14.0771963891852
805 0.517469310670439 14.0789140858818
1730 3.06886792452845 14.0806301613449
2217 1.61639962299714 14.082344618632
1999 3.18549905838019 14.0840574607918
500 5.21636876763855 14.0857686908646
2017 2.90695488721821 14.0874783118822
2511 1.55680751173706 14.0891863268675
381 0.151031894934334 14.0908927388353
2310 3.05435801312085 14.0925975507916
2714 3.08988764044929 14.0943007657341
2290 3.31431244153419 14.0960023866521
570 1.46355140186917 14.0977024165265
3894 2.93744164332399 14.0994008583297
3812 3.10541044776098 14.1010977150261
917 5.28052190121196 14.1027929895715
1428 5.28026070763521 14.1044866849135
1606 0.73581395348836 14.1061788039916
632 3.36710037174713 14.107869349737
714 0.351903435468897 14.1095583250727
516 3.28014842300572 14.1112457329137
2396 2.89063948100084 14.1129315761668
2953 3.38981481481464 14.1146158577307
2474 2.6438482886215 14.116298580496
1713 5.53512014787457 14.1179797473455
369 4.77469990766452 14.1196593611538
583 5.28136531365363 14.1213374247876
916 5.28110599078272 14.1230139411058
2279 2.83793738489884 14.1246889129591
388 4.72861085556612 14.1263623431906
2707 3.02113970588249 14.1280342346354
326 4.72451790633599 14.129704590121
2656 2.65229357798158 14.1313734124669
1091 4.71952337305212 14.1330407044849
2768 3.09798534798534 14.134706468979
2840 2.93504117108896 14.1363707087457
132 0.580438756855568 14.1380334265737
2786 3.32785388127864 14.139694625244
373 4.72080291970755 14.1413543075301
86 5.89152233363781 14.1430124761979
1839 2.94535519125697 14.1446691340056
3021 3.54504094631461 14.146324283704
551 3.0409090909092 14.1479779280365
1442 0.406902815622166 14.1496300697387
2728 3.38294010889276 14.151280711539
781 2.66001813236635 14.1529298561584
594 2.91213768115928 14.1545775063103
1098 3.78190045248867 14.1562236647008
20 5.19801084990997 14.1578683340289
862 0.915085817524856 14.1595115169859
2620 3.12364620938632 14.1611532162561
543 1.81064021641127 14.1627934345163
2799 3.41531531531563 14.1644321744363
253 0.796579657965801 14.1660694386786
2646 2.8156474820146 14.1677052298984
1471 3.19317160826573 14.1693395507439
1521 4.81328545780983 14.1709724038561
768 5.21973094170365 14.1726037918688
3841 3.1155913978493 14.1742337174088
164 3.70456580125316 14.175862183096
803 0.515205724508052 14.177489191543
1386 3.78016085790864 14.1791147453555
3717 3.15446428571426 14.1807388471323
1967 4.39964317573589 14.182361499465
2494 0.346702317290554 14.1839827049386
3700 2.22350845948346 14.185602466131
558 6.23309608540982 14.1872207856132
3838 3.01600000000014 14.1888376659493
1391 6.23712255772629 14.1904531096968
2346 3.34871339840299 14.1920671194061
2543 3.82269503546094 14.1936796976211
2669 2.63861824623578 14.1952908468787
2604 2.85044247787626 14.1969005697091
95 5.22015915119319 14.1985088686359
2672 2.62809187279154 14.2001157461759
244 2.91350397175638 14.2017212048393
3857 3.35361552028243 14.2033252471296
2665 2.66960352422908 14.2049278755438
1007 3.98767605633827 14.2065290925722
3773 2.0255057167985 14.2081289006984
3890 2.92618629174003 14.2097273023998
2734 3.12993854258108 14.2113243001469
2198 3.1605263157895 14.2129198964039
912 1.50569675723048 14.2145140936285
3849 3.47197898423833 14.2161068942719
1260 2.03412073490817 14.2176983007789
476 0.871503496503483 14.2192883155879
2227 2.24366812227082 14.2208769411308
2713 3.3603839441535 14.2224641798333
3883 3.07497820401031 14.2240500341145
215 0.39547038327526 14.2256345063875
1002 2.63620539599661 14.2272175990588
582 5.28173913043434 14.2287993145289
2694 3.14248479582957 14.2303796551918
2666 2.64756944444435 14.2319586234353
1006 3.03642671292305 14.2335362216412
2663 2.61698440207986 14.2351124521848
2659 2.60692640692649 14.2366873174355
3918 3.00259515570948 14.2382608197562
68 3.7044079515991 14.2398329615041
3925 3.09240069084642 14.2414037450301
915 6.01898188093231 14.2429731726788
1745 3.3965517241382 14.2445412467891
235 2.02670111972429 14.2461079696936
846 2.22030981067128 14.247673343719
1693 5.55546001719767 14.2492373711859
660 2.52405498281786 14.2508000544091
3888 3.11931330472116 14.2523613956971
25 5.95454545454583 14.2539213973528
1286 3.13281919451569 14.255480061673
856 3.33390410958895 14.2570373909487
900 3.81009409751904 14.2585933874649
1299 2.84188034188033 14.2601480535007
2146 3.09991460290375 14.2617013913297
2596 2.84641638225269 14.2632534032192
2399 2.22506393861888 14.2648040914311
1527 4.38841567291329 14.2663534582212
936 5.56936170212815 14.2679015058398
3725 5.11394557823063 14.2694482365312
575 2.09005947323707 14.2709936525343
1602 0.744482173174862 14.2725377560821
2576 3.44274809160283 14.2740805494018
879 3.58559322033913 14.2756220347151
611 2.61388653683305 14.2771622142381
3917 2.92978003384091 14.2787010901812
273 4.71428571428576 14.2802386647491
586 4.62837837837875 14.281774940141
321 6.23544303797522 14.2833099185506
1204 2.03456998313669 14.284843602166
455 3.34540859309152 14.2863759931696
614 2.73148148148155 14.2879070937385
1673 2.48107653490324 14.2894369060443
3892 2.95042016806722 14.2909654322531
303 1.55415617128458 14.2924926745253
1171 2.01510067114083 14.2940186350162
3828 3.46605196982424 14.2955433158755
3912 3.04606365159137 14.2970667192475
817 0.409205020920507 14.2985888472713
1371 5.55769230769181 14.3001097020803
1394 1.49373433583966 14.3016292858029
974 6.12520868113517 14.3031476005618
423 2.3844870725604 14.3046646484748
1071 0.134166666666667 14.306180431654
965 3.37052456286436 14.3076949522065
188 4.71797004991718 14.3092082122341
2658 2.64172901080633 14.3107202138332
1707 5.55149501661054 14.3122309590952
1998 3.17427385892115 14.3137404501061
198 5.21144278606959 14.3152486889468
929 5.59237779618861 14.316755677693
112 5.95529801324487 14.3182614184152
2623 3.12158808932977 14.3197659131789
3899 3.04297520661149 14.3212691640443
3830 3.40462427745641 14.3227711730667
1068 0.135313531353135 14.3242719422961
1543 3.09563066776563 14.3257714737776
1376 3.08649093904442 14.327269769551
2438 0.252674897119342 14.3287668316514
718 5.54769736842037 14.3302626621086
545 2.55217748562043 14.3317572629475
2600 3.33825944170795 14.3332506361881
1368 4.81460213289552 14.3347427838452
228 0.34590163934426 14.3362337079289
1653 5.47747747747719 14.3377234104442
3874 3.05073649754484 14.3392118933912
111 5.0474243663122 14.340699158765
807 0.513071895424835 14.3421852085561
573 5.71673469387668 14.3436700447499
3137 2.96818923327882 14.3451536693268
2601 3.11328443357767 14.3466360842628
3876 2.89902280130292 14.3481172915285
245 1.56061838893405 14.3495972930903
1687 5.53739837398432 14.3510760909092
861 0.914703493095036 14.3525536869419
1560 4.09659090909052 14.3540300831401
3999 2.77939983779409 14.3555052814508
3986 2.77309562398703 14.3569792838162
1273 2.74736842105279 14.358452092174
133 0.580906148867315 14.3599237084568
495 5.19644300727515 14.3613941345929
1232 2.65751211631654 14.3628633725057
806 0.514931396287332 14.3643314241141
1381 2.75241935483879 14.3657982913322
584 2.21595487510073 14.3672639760695
2845 2.76167471819647 14.368728480231
4043 2.71761866452113 14.3701918057169
3808 3.32073954983944 14.3716539544231
3041 2.70441767068293 14.3731149282407
1646 2.63483146067411 14.3745747290564
3814 3.65116279069761 14.3760333587521
2679 1.46875000000006 14.3774908192054
3943 2.76861489191369 14.3789471122894
13 5.13199999999957 14.3804022398726
3318 2.72981614708226 14.3818562038191
196 3.75000000000031 14.3833090059884
261 3.40861931364728 14.3847606482358
3061 3.45933014354076 14.3862111324118
497 2.50916334661339 14.3876604603627
1737 3.3320063694269 14.3891086339304
3976 2.72315035799524 14.3905556549525
379 2.50079491255969 14.3920015252618
589 2.5313741064337 14.3934462466872
4028 2.78095238095237 14.394889821053
2165 2.75733544805709 14.3963322501791
1285 1.64104595879552 14.3977735358814
1703 5.52019002375344 14.3992136799711
2066 0.916139240506334 14.4006526842553
1522 4.8126482213443 14.4020905505368
3928 3.6137440758295 14.403527280614
3826 3.36937647987348 14.4049628762813
8 2.1837539432177 14.4063973393287
2211 2.78644602048833 14.4078306715418
3742 2.71102362204707 14.4092628747023
203 0.885916601101474 14.4106939505874
3910 3.66509433962254 14.4121239009703
2944 2.79497250589145 14.41355272762
1117 3.64521193092639 14.4149804323013
1552 0.908235294117626 14.4164070167748
894 5.92163009404481 14.417832482797
1528 2.73766640563833 14.4192568321203
2546 5.21361502347457 14.4206800664929
822 5.11493354183009 14.422102187659
518 2.56562500000005 14.4235231973587
741 3.77673692427741 14.4249430973279
3942 2.57254290171602 14.4263618892986
3844 3.62431800467688 14.4277795749986
1203 2.69548286604353 14.4291961561518
429 3.66147859922178 14.430611634478
1266 3.3118195956452 14.432026011693
3993 2.56021756021762 14.4334392895086
3863 3.36257763975189 14.4348514696326
808 0.5166795965865 14.4362625537687
3744 3.61937984496153 14.4376725436169
1288 5.02633617350883 14.4390814408732
3142 2.74613003095957 14.4404892472294
324 3.78422273781921 14.4418959643736
3147 2.24729520865542 14.4433015939899
1434 5.02471042471058 14.4447061377586
871 0.594907407407403 14.446109597356
2787 2.57825751734776 14.4475119744546
2005 2.77426810477641 14.448913270723
2983 2.23094688221699 14.4503134878258
1639 1.11999999999999 14.4517126274241
498 2.08608762490407 14.4531106911747
2671 2.6305683563748 14.4545076807311
3705 2.2271680736762 14.4559035977426
404 4.59662576687092 14.4572984438549
3109 2.54559386973178 14.4586922207098
3674 2.7327718223582 14.4600849299454
3820 3.68630451415449 14.461476573196
2877 1.62003058103972 14.4628671520923
629 6.01986249045136 14.4642566682609
811 5.32671755725135 14.4656451233251
121 2.56903127383682 14.4670325189042
493 4.4024390243908 14.4684188566139
319 4.73648134044199 14.4698041380662
4041 3.70852359208536 14.4711883648694
1238 5.96121673003766 14.4725715386281
428 5.96124620060805 14.4739536609434
2306 2.65148063781312 14.4753347334125
1053 5.03793626707102 14.4767147576292
4001 2.70280515542095 14.4780937351835
971 1.19015151515149 14.4794716676619
3069 2.58289174867514 14.4808485566471
3203 3.374432677761 14.4822244037186
699 5.21012849584334 14.4835992104519
3270 3.45166163142003 14.4849729784192
3983 2.55698113207547 14.486345709189
92 6.0309200603318 14.4877174043262
3722 5.11303692539514 14.4890880653924
3322 3.65813253012013 14.4904576939454
55 4.62829194883405 14.4918262915397
1057 5.67218045112757 14.4931938597262
3058 2.77836213373391 14.4945604000522
2548 3.35810810810834 14.4959259140617
1951 6.16204051012744 14.4972904032951
1282 5.85982008995564 14.4986538692894
2028 2.88614232209725 14.5000163135781
3613 3.74101796407182 14.5013777376913
3944 2.51832460733 14.5027381431555
2089 2.53512705530653 14.5040975314941
1437 5.85959671396573 14.5054559042269
908 3.72388059701467 14.5068132628701
1904 3.82252050708402 14.5081696089369
351 0.410581222056631 14.5095249439368
470 2.39761727475793 14.5108792693761
3873 3.64285714285687 14.5122325867576
4039 2.89665427509276 14.513584897581
1994 3.60104011887072 14.5149362033423
883 0.574610244988874 14.5162865055345
3692 3.49703264094932 14.517635805647
2580 3.1645663454409 14.5189841051661
1250 3.77481481481468 14.5203314055747
945 5.71502590673564 14.5216777083524
766 0.518491124260348 14.5230230149755
3150 3.70140428677062 14.5243673269171
3893 3.66691285081273 14.525710645647
3694 2.24206642066425 14.5270529726316
3044 3.32448377581109 14.5283943093344
3973 2.74134119380997 14.5297346572154
1616 3.74447717231221 14.5310740177314
42 2.68800588668125 14.5324123923359
1831 2.57573529411781 14.5337497824795
119 2.63262307127127 14.5350861896092
1124 0.248164464023496 14.5364216151692
2747 0.59354365370506 14.5377560606002
3521 2.5630498533726 14.53908952734
1919 2.71868131868131 14.540422016823
3281 3.00951683748156 14.5417535304806
116 1.80614484272124 14.543084069741
3977 2.9035087719299 14.5444136360293
1555 3.99123447772144 14.5457422307674
769 5.22043795620383 14.5470698553741
616 0.344274252370534 14.5483965112653
1633 1.13775510204085 14.5497221998535
3987 2.79388201019683 14.5510469225483
1165 2.76273653566233 14.5523706807562
2288 0.244363636363635 14.5536934758805
1973 4.38662790697624 14.5550153093216
1647 2.63471314451685 14.5563361824768
2711 3.30624092888232 14.5576560967404
378 6.23712835388064 14.5589750535035
506 3.52753623188389 14.5602930541543
1927 2.01737871107891 14.561610100078
3249 3.69392185238743 14.5629261926568
3871 3.60737527114988 14.5642413332698
3939 2.87427745664761 14.5655555232931
3945 2.78989169675094 14.5668687641001
599 5.88239538239623 14.5681810570608
3062 3.59697188175945 14.5694924035426
1279 0.407060518731993 14.5708028049097
2051 2.62706983441335 14.5721122625235
3729 5.11582733812946 14.5734207777424
3964 2.75341480948936 14.5747283519219
256 4.70689655172374 14.5760349864145
3974 2.70567121320874 14.5773406825698
2579 2.25322812051646 14.5786454417347
510 1.4931899641577 14.5799492652529
237 3.53581661891093 14.5812521544653
3101 2.58697208303515 14.5825541107101
2825 3.15092989985721 14.5838551353225
24 0.0200142959256612 14.5851552296347
809 0.513571428571432 14.5864543949763
2869 5.90506780870883 14.5877526326738
1714 5.52924393723319 14.5890499440512
3934 2.74839629365649 14.5903463304292
2615 3.3005698005696 14.5916417931261
1916 2.6939501779358 14.5929363334572
1692 5.47937411095341 14.5942299527349
1290 2.75835110163485 14.5955226522691
1636 1.12286931818184 14.5968144333665
710 3.99006387508824 14.5981052973314
3995 2.5276595744681 14.5993952454651
3903 3.65272856130419 14.6006842790662
1781 0.256373937677056 14.6019723994305
4016 2.77211606510986 14.6032596078511
1638 1.12659123055161 14.6045459056184
3795 3.10742049469985 14.6058312940199
1626 0.663135593220341 14.6071157743405
3071 2.78546224417766 14.6083993478623
3433 2.72214386459806 14.6096820158649
1627 0.663143058491898 14.6109637796248
2338 2.95492957746509 14.6122446404162
260 2.66150598170296 14.6135245995104
1732 3.07805907172971 14.614803658176
1666 1.89739985945195 14.616081817679
1720 5.66011235955027 14.6173590792828
1380 4.79719298245627 14.6186354442479
2710 3.31837307152845 14.6199109138324
1028 5.03223545900435 14.6211854892917
405 2.54271708683473 14.6224591718784
648 5.33729881035759 14.6237319628427
1594 2.87972027972025 14.6250038634319
1051 5.04682040531098 14.626274874891
677 3.69064245810005 14.6275449984622
3723 5.11444521981831 14.628814235385
1186 3.54323570432378 14.6300825868967
898 3.75749128919881 14.6313500542315
889 3.72075208913698 14.6326166386214
571 5.71677105080063 14.6338823412957
3972 2.79624478442282 14.6351471634811
1036 0.342599027102153 14.6364111064018
733 0.579166666666665 14.6376741712794
3884 3.62595419847282 14.638936359333
1715 5.53120665742138 14.6401976717791
3801 2.70963270963273 14.6414581098318
3936 2.7673130193907 14.6427176747025
2575 3.73771626297528 14.6439763676002
3851 3.47579529737205 14.6452341897315
304 2.87145818935743 14.6464911423002
2719 3.1774861878451 14.6477472265078
3954 2.93926846100746 14.6490024435532
1316 3.54689655172375 14.6502567946331
1022 3.90902825637435 14.6515102809414
1943 3.17011019283738 14.6527629036697
982 2.61390227116301 14.6540146640071
415 3.7111416781292 14.6552655631401
474 5.20137457044672 14.6565156022531
3946 2.89148351648379 14.6577647825277
2153 3.64653397391884 14.6590131051433
2874 4.49382716049418 14.6602605712767
736 3.30843043180274 14.6615071821025
167 5.86027397260169 14.6627529387927
3846 3.14442162902155 14.6639978425169
83 4.71614227086178 14.6652418944424
1788 1.89815447710177 14.6664850957341
552 2.82923497267739 14.6677274475543
4015 2.99044368600671 14.6689689510632
2863 2.9665757162344 14.6702096074185
172 2.80777096114501 14.6714494177756
199 2.02997275204352 14.6726883832874
491 0.39891082368958 14.6739265051045
2220 2.25714285714276 14.6751637843752
3966 2.92250169952438 14.6764002222455
3961 2.88247282608683 14.677635819859
54 0.867617107942996 14.6788705783568
3655 3.48032564450498 14.680104498878
1085 1.80677966101692 14.6813375825591
1155 3.52574525745246 14.6825698305346
1835 2.69668246445506 14.6838012439363
2618 3.53856562922838 14.6850318238941
1953 3.82217714672055 14.6862615715353
427 2.3972972972972 14.687490487985
3728 5.11343686698138 14.6887185743662
2101 2.95681511470968 14.6899458317993
3952 2.54821308159134 14.6911722614028
3937 2.71630727762816 14.6923978642926
639 5.99191919192002 14.6936226415826
2924 2.98115746971721 14.6948465943842
3953 2.51445864156001 14.6960697238068
3632 2.5806451612903 14.6972920309575
392 5.86971121557976 14.6985135169411
638 5.99194630872555 14.6997341828602
640 5.99195171026059 14.7009540298152
695 3.79825737265435 14.7021730589042
2746 0.5954454119223 14.7033912712233
4 5.20816599732269 14.7046086678661
3990 3.68428093645507 14.7058252499243
450 2.39705882352936 14.7070410184873
2654 2.83299933199745 14.7082559746422
1891 1.29172229639521 14.7094701194741
3957 2.9419613075382 14.7106834540658
711 3.98866666666636 14.711895979498
1857 2.84010659560278 14.7131076968492
3968 2.97336884154477 14.7143186071958
3564 2.72854291417148 14.715528711612
3115 2.75132978723401 14.7167380111698
43 3.61262458471806 14.7179465069392
1696 5.47476759628252 14.7191541999881
3703 2.27140013271404 14.720361091382
1836 3.17970822281186 14.7215671821846
3547 3.01126573889997 14.7227724734572
1716 5.52185430463478 14.7239769662592
1554 2.5896757114495 14.7251806616479
1207 3.73544973545002 14.7263835606783
1667 1.89689358889633 14.7275856644036
3727 5.11030383091196 14.7287869738745
389 3.07194719471932 14.7299874901401
1640 1.12467018469657 14.7311872142471
2567 3.18655240606474 14.7323861472402
3752 3.13899868247671 14.7335842901621
3971 2.90915075707733 14.7347816440534
2003 3.19868421052661 14.7359782099526
1292 0.239316239316241 14.7371739888962
1644 1.22404730617609 14.7383689819186
3950 2.73670387393291 14.7395631900523
534 1.55971128608928 14.7407566143276
564 0.407213114754104 14.7419492557729
1225 3.37811271297469 14.7431411154146
2154 2.96201702685032 14.7443321942768
3958 2.89463350785347 14.7455224933819
2670 5.89143230869917 14.7467120137503
2748 4.38758169934639 14.7479007564002
684 2.80143696930098 14.7490887223478
3940 2.71214099216691 14.7502759126075
3933 2.8897586431832 14.7514623281917
3929 2.72425032594508 14.7526479701106
47 2.96026058631905 14.7538328393725
236 1.55598958333337 14.755016936984
3984 2.98633702016943 14.7562002639495
3901 3.06306892067637 14.7573828212713
479 3.98895386614723 14.75856460995
2030 3.44545454545424 14.7597456309841
3332 2.91563919532761 14.7609258853704
3817 3.33138780804149 14.7621053741034
3970 2.76085547634462 14.7632840981759
3823 3.45531088082903 14.7644620585788
2293 2.90161812297733 14.7656392563008
615 2.7315653298836 14.766815692329
3810 3.35423400129281 14.7679913676485
2188 2.22997416020676 14.7691662832423
3998 2.76952872821167 14.7703404400918
70 6.03806451612965 14.7715138391762
1931 2.78014184397154 14.772686481473
3776 3.4993556701036 14.7738583679578
353 0.251770766258856 14.7750294996042
74 1.76061776061769 14.776199877384
3086 3.01929260450141 14.7773695022672
3730 5.11696658097634 14.7785383752217
3959 2.9210019267825 14.7797064972138
1996 3.52888318356903 14.7808738692078
574 3.70686337395728 14.7820404921661
2521 5.95769230769364 14.7832063670494
1177 3.15631005765548 14.7843714948164
893 5.92125480153751 14.7855358764241
285 1.51567498400515 14.7866995128274
4038 2.87531969309489 14.7878624049797
2444 0.247284345047922 14.7890245538325
3753 2.92401021711389 14.7901859603352
486 3.17230376515646 14.7913466254357
2731 3.41071428571407 14.7925065500799
2009 2.94710006373484 14.7936657352121
352 0.411464968152866 14.7948241817745
608 6.05601527689239 14.7959818907077
151 2.08460559796454 14.7971388629505
3956 3.62301335028631 14.7982950994398
1992 3.19567979669644 14.7994506011108
3768 5.21079365079392 14.800605368897
2590 5.20748730964395 14.8017594037299
540 0.352568167406465 14.8029127065393
227 2.53168567807341 14.8040652782535
2513 2.88790373654197 14.8052171197986
2441 0.260759493670887 14.8063682320993
3982 2.96457938013907 14.8075186160783
2504 2.80404551201033 14.8086682726567
708 3.98610233733455 14.8098172027538
1926 2.68686868686875 14.8109654072872
4014 2.92807570977901 14.8121128871727
1721 5.65889029003845 14.8132596433244
168 2.2444864524261 14.8144056766546
160 3.03085642317367 14.815550988074
436 2.39207048458132 14.8166955784915
2542 5.50125786163584 14.8178394488143
689 5.5241986172227 14.818982599948
844 0.156407035175879 14.8201250327962
662 6.04205900816078 14.8212667482612
1888 3.11731493099109 14.8224077472432
3014 2.98369905956105 14.823548030641
954 0.156641604010024 14.8246875993516
3938 2.99812147777105 14.8258264542702
3781 3.76345431789701 14.8269645962906
2655 2.83677298311432 14.8281020263047
3948 2.97874999999994 14.8292387452027
2689 2.90755777638945 14.8303747538733
3932 2.95318352059925 14.8315100532035
2131 0.803493449781668 14.8326446440785
64 0.910847880299238 14.8337785273819
3579 5.49595015576403 14.8349117039959
1126 3.57036114570307 14.8360441748006
3839 3.41630367143731 14.8371759406748
745 2.49502487562193 14.8383070024955
1121 2.9434431323806 14.8394373611382
1019 0.798136645962746 14.8405670174766
3125 3.33643699565512 14.8416959723829
531 6.08684863523606 14.8428242267276
3875 3.1091134531932 14.8439517813797
2311 5.11090458488202 14.8450786372064
3969 2.9888544891643 14.8462047950734
2583 3.12685643564374 14.8473302558448
306 4.59554730983288 14.8484550203831
1233 3.55747836835622 14.8495790895492
3965 3.01791229153767 14.8507024642023
667 0.462345679012342 14.8518251452001
3941 2.78716841455901 14.8529471333987
946 5.71824907521647 14.8540684296527
2598 3.43992606284635 14.8551890348149
1708 5.51847290640405 14.8563089497368
150 3.0523076923079 14.8574281752681
3927 3.45756457564616 14.858546712257
258 6.02581438229867 14.8596645615503
1576 6.02579852579966 14.8607817239929
1196 0.805402087170041 14.8618982004285
944 5.71349693251541 14.8630139916989
1304 3.61802575107286 14.8641290986448
3759 2.97181372549019 14.8652435221048
2199 2.88548683404748 14.8663572629165
3960 3.64993880048986 14.8674703219155
886 0.57553516819571 14.8685826999363
3651 2.91931540342285 14.8696943978114
2608 3.47281612706129 14.8708054163723
578 3.18864468864468 14.8719157564484
3955 3.05796217205646 14.8730254188681
3701 2.23231707317051 14.8741344044579
2294 3.78244972577658 14.8752427140431
2562 3.18148599269191 14.8763503484472
2685 3.32014607425465 14.8774573084925
1212 5.48479318734708 14.8785635949995
447 2.7817629179332 14.8796692087874
838 2.99392466585645 14.8807741506739
3726 5.11536126290148 14.881878421475
511 3.81128640776751 14.8829820220055
262 2.50515463917525 14.8840849530786
2894 3.59575757575712 14.8851872155059
186 2.66565717746793 14.8862888100977
2577 3.39043583535079 14.8873897376628
1844 3.32728372655747 14.8884899990084
4044 2.93228536880313 14.8895895949404
4033 3.00785498489406 14.8906885262632
3845 3.16002415458941 14.8917867937797
4003 3.0259505129753 14.8928843982912
3992 2.8673100120628 14.8939813405979
884 0.578661844484618 14.8950776214983
698 3.66385542168717 14.8961732417894
2838 3.09391932570765 14.8972682022671
4040 3.05655836341777 14.8983625037255
875 2.53938665063155 14.8994561469573
4008 2.9062500000001 14.9005491327541
3639 2.7453453453454 14.9016414619057
1349 5.72388955582296 14.9027331352007
1191 2.87342531493719 14.9038241534262
3947 2.97062350119938 14.9049145173678
451 3.75134811264216 14.9060042278099
3963 2.68922155688598 14.9070932855353
1263 2.73369239976079 14.9081816913254
1949 1.66626794258377 14.9092694459605
3411 3.02450687387931 14.910356550219
1418 2.97610513739521 14.9114430048782
3980 3.64119402985127 14.9125288107141
165 2.50059665871135 14.9136139685011
2098 3.34227787716145 14.9146984790124
3930 3.01430274135899 14.9157823430196
3340 2.92674210839788 14.916865561293
1097 3.30000000000047 14.9179481346017
481 2.99524092801886 14.9190300637131
681 3.90963139120036 14.9201113493936
2478 3.74272133095715 14.921191992408
91 5.30522565320579 14.9222719935198
3870 3.6878338278934 14.923351353491
27 5.30545670225446 14.9244300730826
3237 3.79430942501481 14.9255081530538
4007 2.46504739336483 14.9265855941627
1664 0.85316755476611 14.9276623971662
2547 3.70000000000053 14.9287385628195
2595 3.65937315198155 14.9298140918767
3877 3.80200945626507 14.9308889850905
3091 2.52096869462506 14.9319632432123
3066 2.24970484061406 14.933036866992
2866 2.24660766961647 14.9341098571785
10 0.159787735849058 14.935182214519
4029 2.49086623453163 14.9362539397597
96 0.971731448763257 14.9373250336453
365 0.971748087110087 14.9383954969192
4049 2.51176470588214 14.9394653303235
2624 3.71310993533205 14.940534534599
3026 2.45828437132778 14.9416031104853
2216 3.74633000587156 14.9426710587205
4059 2.49765258215983 14.9437383800416
2815 2.46979472140743 14.944805075184
1870 3.66822977725678 14.9458711448822
3790 5.29584065612236 14.9469365898692
494 3.61007025761144 14.9480014108766
865 2.45172615564654 14.9490656086349
3268 2.44561403508757 14.9501291838733
3985 2.46171829339556 14.9511921373196
2223 2.8247663551401 14.9522544697005
3837 3.69527145359002 14.9533161817413
1797 0.249124854142359 14.9543772741661
628 2.38075801749277 14.9554377476975
3275 2.48776223776217 14.9564976030573
2518 5.95690157251054 14.9575568409656
2435 0.243306169965076 14.9586154621415
2536 3.73938336242064 14.9596734673026
3854 3.59999999999978 14.9607308571656
3866 3.76118535734974 14.9617876324457
2861 3.76596980255567 14.9628437938569
354 5.89204875217619 14.9638993421119
1753 0.631090487238983 14.9649542779223
3146 2.08869565217405 14.9660086019983
4031 2.47334878331407 14.967062315049
2413 0.253618992472496 14.9681154177823
2876 5.34664351851763 14.9691679109047
1140 5.34644303065271 14.9702197951216
1958 3.57283236994175 14.9712710711371
219 0.630849220103985 14.9723217396542
1355 3.58949191685894 14.9733718013745
3707 3.53087132140847 14.9744212569986
666 5.90426758938991 14.9754701072256
3627 2.2224783861671 14.9765183527538
4022 2.44009216589856 14.9775659942798
2660 2.64824409902116 14.9786130324995
1427 5.2802071346381 14.9796594681072
3747 2.55491661874642 14.9807053017962
960 3.62758620689645 14.9817505342585
363 1.19241815048823 14.9827951661851
3887 3.73363949483377 14.9838391982655
2469 5.32644865174933 14.9848826311884
1617 3.7442660550463 14.985925465641
2587 3.64412607449831 14.9869677023093
1062 3.70274914089346 14.9880093418785
2931 2.45506582713215 14.9890503850321
3220 2.43478260869558 14.9900908324529
2549 3.60606060606016 14.9911306848222
3869 3.79142857142832 14.9921699428203
4073 2.51627641347794 14.9932086071263
2862 3.69006849315094 14.9942466784181
2415 0.257273245864235 14.9952841573724
2864 3.8044469783358 14.996321044665
2508 0.983475783475805 14.9973573409701
2509 0.983485193621855 14.9983930469612
148 2.63915765509376 14.9994281633104
3124 2.57053469852118 15.0004626906886
788 2.49289368959615 15.0014966297657
3559 4.53465909090908 15.0025299812105
2411 0.240772288472459 15.0035627456906
1164 2.50681044267863 15.0045949238722
2020 3.53488372093017 15.0056265164209
1776 3.20238095238082 15.0066575240006
2773 3.70991501416398 15.0076879472745
1430 4.53454133635314 15.0087177869046
2610 3.62026032824011 15.0097470435515
2247 0.262443438914026 15.0107757178749
2475 6.08705483323985 15.0118038105334
1990 3.20903954802272 15.0128313221845
1366 1.76341050254104 15.0138582534844
3777 3.50225733634336 15.0148846050884
3383 2.44895657078411 15.0159103776506
948 3.50620067643708 15.0169355718239
2359 5.8816901408458 15.0179601882602
2347 0.672860360360375 15.0189842276104
2235 2.58469330332046 15.0200076905241
2878 4.08998875140575 15.0210305776499
1128 3.56998313659415 15.0220528896353
3712 0.802247191011228 15.0230746271268
744 2.49522740033698 15.0240957907696
3686 2.24298540965209 15.0251163812079
2408 0.237801458216488 15.026136399085
1073 0.672645739910312 15.0271558450428
4009 2.46722689075629 15.0281747197224
913 0.259798432250839 15.0291930237637
4036 2.42977056519302 15.0302107578055
877 3.88590604026776 15.0312279224856
2937 2.44270542202343 15.0322445184406
853 0.162011173184357 15.0332605463062
1431 0.740926856504756 15.0342760067169
1853 3.83314732142831 15.0352909003063
2417 0.250976017847182 15.0363052277068
30 2.50334448160548 15.0373189895497
3353 2.52590529247886 15.0383321864654
2639 2.84242761692646 15.0393448190832
3860 3.55592654424008 15.0403568880312
643 0.886540600667396 15.0413683939367
1519 4.81378543635351 15.0423793374257
2092 2.42555555555575 15.0433897191234
17 0.140477512493059 15.0443995396537
2374 3.39844617092124 15.0454087996398
555 2.17970049916805 15.0464174997035
1784 3.61474501108623 15.0474256404658
3861 3.40664819944575 15.0484332225465
3116 2.47563676633449 15.0494402465646
2406 0.255672385168788 15.0504467131379
3046 2.56747787610617 15.0514526228831
1162 0.236042012161414 15.0524579764162
3905 3.79613259668531 15.0534627743518
3589 3.65709552733252 15.0544670173037
717 5.04470198675496 15.0554707058846
2336 5.26475455046807 15.0564738407063
3798 5.26460859977883 15.0574764223794
4035 2.43746556473823 15.0584784515137
2461 2.08700440528627 15.0594799287179
4037 2.48596587782062 15.0604808545996
3772 2.0313531353137 15.0614812297655
1882 2.55854865310604 15.0624810548213
3339 2.53681318681318 15.0634803303717
2868 5.90554640307423 15.0644790570204
738 3.54610318331526 15.06547723537
2440 0.24520021941854 15.0664748660223
956 0.959978070175456 15.067471949578
2414 0.264109589041098 15.0684684866367
1580 0.960021905805058 15.0694644777973
2855 2.52928297755875 15.0704599236575
4023 2.46006564551438 15.071454824814
2232 0.234554401312191 15.0724491818627
4056 3.83715846994493 15.0734429953983
1741 2.64609503003811 15.0744362660148
1429 5.28002183406235 15.0754289943049
72 1.76050190943815 15.0764211808606
3920 3.68320610687087 15.0774128262728
1059 2.42125340599447 15.0784039311314
4076 2.57407407407411 15.0793944960255
725 4.49428415895477 15.0803845215431
2936 3.47497279651788 15.0813740082713
355 0.251767264817834 15.0823629567962
937 5.58152173913016 15.083351367703
3680 2.5497012493212 15.0843392415758
3919 3.75407166123707 15.0853265789979
3256 3.48128052088959 15.0863133805517
591 3.46691973969625 15.0872996468184
2395 3.46233062330578 15.0882853783786
3821 3.41440953412757 15.0892705758116
2166 2.65457498646451 15.0902552396961
2401 0.246753246753245 15.0912393706095
1846 3.52460789616021 15.0922229691286
3033 5.10864864864896 15.093206035829
340 1.46245272825505 15.0941885712856
1187 0.571274298056149 15.0951705760722
3904 3.5439827307066 15.0961520507618
58 5.93096008629904 15.0971329959262
3880 3.69272237196783 15.0981134121366
1592 2.52424568965513 15.0990932999632
2409 0.265481960150783 15.1000726599751
3299 3.8299246501609 15.1010514927407
59 5.93114577729896 15.1020297988274
3764 2.47150537634393 15.1030075788015
1649 4.72917786136444 15.1039848332288
2476 3.4940923737913 15.1049615626738
1405 3.45088566827699 15.1059377677004
127 5.31974248926983 15.1069134488712
397 2.09115281501352 15.1078886067482
4063 3.80010718113556 15.1088632418925
3120 2.43224424209968 15.1098373548642
33 5.31959314775103 15.1108109462225
465 4.62493311931487 15.1117840165258
3800 5.31283422459965 15.1127565663313
1283 2.45323356493835 15.1137285961958
566 0.406517094017093 15.1147001066748
3793 5.2952482648154 15.1156710983231
3754 2.48932764140898 15.1166415716945
4030 2.51306666666655 15.117611527342
624 1.48827292110881 15.1185809658178
268 4.89930740543498 15.1195498876729
2534 3.39350372736919 15.1205182934578
3621 2.24108568387429 15.1214861837219
1001 3.55904255319104 15.1224535590138
878 3.88463583200435 15.1234204198812
449 3.99043570669565 15.1243867668708
3913 3.54806160382396 15.1253526005286
750 4.09501061571106 15.1263179213998
3996 2.46366047745351 15.1272827300286
2035 0.240190880169672 15.1282470269582
2428 0.249602543720191 15.1292108127312
4019 2.53336864406769 15.1301740878892
93 1.81312863949174 15.1311368529729
65 6.23015873015951 15.1320991085224
505 0.794817556848209 15.1330608550765
2781 2.41754756871031 15.1340220931735
2312 3.52667723190662 15.1349828233508
1837 3.47940865892328 15.1359430461448
4071 2.59155672823213 15.1369027620911
1143 2.5617088607597 15.1378619717247
376 3.73537163943019 15.1388206755793
299 1.50368809272928 15.1397788741881
161 1.26066350710902 15.1407365680834
2433 0.26157894736842 15.1416937577966
2429 0.236717517096264 15.1426504438582
2885 3.84121976866454 15.1436066267981
780 2.22806095638472 15.144562307145
277 2.54411764705904 15.1455174854271
702 3.34803149606251 15.1464721621716
2142 3.5881427072398 15.147426337905
2535 3.37283691662303 15.1483800131528
484 2.26205450733746 15.1493331884397
4046 3.78941854374045 15.1502858642897
2558 3.38638743455468 15.151238041226
2205 2.44740973312409 15.1521897197707
1331 3.60198744769871 15.1531409004454
338 3.81704129639244 15.1540915837706
1584 3.38349007314515 15.1550417702664
3167 2.52219321148836 15.1559914604515
3792 5.29645093945746 15.1569406548444
2821 2.42775169535718 15.1578893539623
1122 0.569864442127223 15.1588375583218
1803 2.4564877540388 15.1597852684387
1969 4.39322916666679 15.1607324848281
2807 3.80635085892774 15.1616792080039
686 3.84495317377693 15.1626254384797
2179 2.41445657826308 15.163571176768
69 6.03066528066686 15.1645164233805
4067 3.76779220779177 15.1654611788282
2046 3.82762201453778 15.1664054436212
1581 3.79813181110486 15.167349218269
4013 2.51970954356846 15.1682925032802
78 5.48470710212654 15.1692352991624
777 3.53937823834158 15.1701776064228
3825 3.36768513723451 15.1711194255675
3691 2.21790890269154 15.1720607571019
1364 1.76409725814804 15.1730016015308
3949 2.4989658738364 15.1739419593579
2194 0.242894056847547 15.1748818310863
2749 2.58832644628126 15.1758212172184
996 3.91636551368171 15.1767601182556
3702 2.2316821465429 15.1776985346988
1650 3.40020629190265 15.1786364670477
155 3.34484536082473 15.1795739158018
2764 3.63987635239546 15.1805108814593
4053 2.70185375901117 15.181447364518
2420 0.267112712300564 15.1823833654746
2410 0.238683127572019 15.1833188848254
2025 6.08688946015459 15.1842539230657
1052 5.04624871531239 15.1851884806901
1277 2.01540832049319 15.1861225581924
1920 2.42351129363468 15.1870561560656
2606 3.37968188814789 15.1879892748021
2591 3.44615384615344 15.1889219148934
1538 2.02972834443895 15.1898540768304
4077 3.71465163934472 15.190785761103
3149 2.56426011264743 15.1917169682005
3829 3.39201637666295 15.1926476986115
2022 3.4434782608699 15.1935779528238
4074 2.54703476482602 15.1945077313243
2582 3.39601430761384 15.1954370345994
4002 2.51072522982631 15.1963658631347
772 3.40377743746791 15.1972942174148
1526 5.03928571428616 15.1982220979239
1532 3.45996940336551 15.1991495051454
833 4.49490316004085 15.2000764395617
3592 2.44421803362183 15.2010029016547
3687 2.2479633401224 15.2019288919055
2750 2.54147582697205 15.2028544107945
3922 3.65361139369318 15.2037794588013
984 1.61921708185043 15.2047040364048
1800 3.38516260162591 15.2056281440833
3107 3.83494159471816 15.2065517823141
3307 2.46852791878153 15.2074749515739
3390 2.48452562151192 15.2083976523388
1402 0.263184584178497 15.209319885084
2271 3.66599087683774 15.210241650284
1089 1.80749746707204 15.2111629484128
1774 0.248607594936712 15.2120837799433
1252 3.65536437247014 15.213004145348
3882 3.6474456246835 15.2139240450986
2091 3.84782608695639 15.2148434796659
3867 3.38908539666522 15.2157624495203
4047 3.74747474747425 15.2166809551312
2645 2.84401817263991 15.2175989969676
2609 3.33451059535857 15.2185165754973
56 0.340393343419065 15.219433691188
87 5.89163306451764 15.2203503445062
3750 2.47707808564222 15.221266535918
2537 3.36656596173221 15.2221822658886
1344 5.86914947156569 15.2230975348826
4062 2.57696177062377 15.2240123433639
2340 2.64303670186022 15.2249266917956
2979 2.23316582914551 15.2258405806403
1048 5.03465595178327 15.2267540103596
1832 0.25401606425703 15.2276669814148
2382 5.0255895634715 15.2285794942662
1375 3.83901705115322 15.2294915493734
3895 3.68521303258091 15.2304031471956
4060 3.73196392785527 15.2313142881909
3011 3.47120681021508 15.2322249728171
2434 0.257757757757755 15.2331352015311
1619 0.239119559779889 15.2340449747891
3791 5.29549999999978 15.2349542930467
814 5.04447776112074 15.2358631567588
2709 3.34915084915106 15.2367715663796
3997 2.45032451323027 15.2376795223626
2442 0.233033932135731 15.2385870251607
2803 3.46533665835445 15.239494075226
2700 3.35992023928244 15.24040067301
2613 3.31041355256618 15.2413068189635
3721 3.38097609561744 15.2422125135368
647 5.3374813339961 15.2431177571792
1590 5.03233830845756 15.2440225503395
3757 3.59771258080511 15.2449268934659
4024 2.50795228628232 15.2458307870059
2118 2.41132637853977 15.2467342314062
2407 0.24379344587885 15.2476372271129
526 2.08535980148893 15.2485397745716
4026 2.41964285714298 15.249441874227
1620 2.50520575111529 15.2503435265233
2426 0.2591674925669 15.2512447319039
2588 3.41703813769192 15.2521454908117
4018 2.43613861386119 15.2530458036888
99 3.72142503711078 15.2539456709768
312 3.84322453016795 15.2548450931164
1976 4.39001482946189 15.2557440705479
903 2.69960474308324 15.2566426037108
1676 2.48148148148143 15.2575406930441
1722 5.64165844027648 15.2584383389859
1311 3.43907252096697 15.2593355419738
2667 2.63806706114404 15.2602323024449
1643 3.7200591424343 15.2611286208353
895 5.92068965517339 15.2620244975808
4068 2.99212210733672 15.2629199331163
1848 2.44143700787414 15.2638149278763
2675 6.23462862764445 15.2647094822945
3991 2.49655850540823 15.2656035968038
3931 3.83144963144891 15.2664972718369
2594 3.32858546168994 15.2673905078255
1909 4.39518900343641 15.2682833052007
907 3.72374877330698 15.2691756643932
3775 5.8818048062781 15.2700675858328
294 6.03137254902143 15.2709590699488
1412 3.06712395884402 15.2718501171699
3906 3.47649363369193 15.272740727924
1663 0.854136074400417 15.2736309026386
1934 0.231898238747551 15.2745206417404
587 4.60537897310543 15.2754099456555
887 0.572336265884653 15.2762988148094
3989 3.8505129457741 15.2771872496271
2063 3.45361328125 15.2780752505327
4051 3.02049780380658 15.27896281795
2229 0.253170731707317 15.2798499523019
4065 3.08824963432458 15.2807366540109
472 5.86013645224188 15.2816229234987
1520 4.81295664880601 15.2825087611864
1129 6.04138266796416 15.2833941674947
2500 5.04914841849265 15.2842791428435
1222 3.31371595330738 15.2851636876521
401 3.35196888672811 15.2860478023392
759 5.58017492711388 15.2869314873229
4000 2.57940747935869 15.2878147430207
3832 3.44223300970822 15.2886975698495
2160 3.33867054827792 15.2895799682256
644 3.2953443258974 15.2904619385646
4004 2.5559864275326 15.2913434812816
393 0.159399224806202 15.292224596791
4032 2.50217917675529 15.2931052855068
4006 2.47434656340774 15.2939855478422
4058 3.0338655055633 15.2948653842098
1210 0.255319148936172 15.2957447950217
931 5.57322377960455 15.2966237806894
2213 3.81545893719755 15.2975023416237
2572 3.36310960888496 15.2983804782349
2419 0.268339768339769 15.2992581909327
762 4.72551857211855 15.3001354801262
255 3.59064609450351 15.3010123462238
2510 2.63662650602425 15.3018887896335
2214 2.51734104046257 15.3027648107625
3766 3.06066441983655 15.3036404100177
852 4.61068334937402 15.304515587805
2437 0.247715247715245 15.3053903445302
4042 2.40865384615416 15.3062646805981
1008 4.09082172032714 15.3071385964132
2870 5.90489913544814 15.3080120923791
2602 3.35045607297138 15.3088851688992
1169 5.90451055662146 15.3097578263761
3900 3.55491606714582 15.3106300652118
3029 3.04745925215728 15.3115018858079
1939 3.34595112601797 15.3123732885651
4052 3.06944444444465 15.3132442738839
1438 3.69746290090998 15.3141148421639
4050 3.00095693779946 15.3149849938045
2380 5.02725968436069 15.3158547292041
1887 2.01577437858507 15.3167240487608
4070 3.01242236024882 15.317592952872
2971 2.49188156638021 15.3184614419347
4012 3.7928400954653 15.3193295163452
2568 3.37166030534332 15.3201971764992
159 1.61754887935141 15.3210644227919
3975 2.55386081982859 15.3219312556179
2556 3.31491186279224 15.3227976753713
3369 3.5423809523805 15.3236636824457
508 3.62684435982898 15.3245292772338
1439 3.62511893434784 15.3253944601282
2004 3.20637184973858 15.3262592315206
4025 2.43868821292774 15.3271235918022
3885 3.52826603325389 15.3279875413638
4064 3.04036087369379 15.3288510805955
3926 3.48410061699042 15.3297142098869
328 3.53415559772305 15.330576929627
563 6.01944049312639 15.3314392402043
1612 0.743601895734575 15.3323011420068
3771 3.51681667456144 15.3331626354217
2551 3.33996212121221 15.3340237208359
3859 3.41126360624686 15.3348843986357
645 2.52412488174071 15.3357446692069
1824 3.03829787234044 15.3366045329345
3470 0.799149338374263 15.3374639902033
1088 1.80538497874361 15.3383230413972
3909 3.55665722379583 15.3391816868999
1223 3.31713072203819 15.3400399270944
3745 2.58584905660363 15.340897762363
4017 2.46628948609147 15.3417551930878
3994 2.53770028275234 15.3426122196501
2412 0.241168158266603 15.3434688424307
1629 1.66996233521645 15.3443250618099
1910 3.3609411764711 15.3451808781675
204 5.9548447789273 15.3460362918827
3496 2.43347437705709 15.3468913033343
2499 5.04887218045111 15.3477459129003
3370 2.93799906059182 15.3486001209583
1537 2.57136150234763 15.3494539278856
3896 3.52369779446234 15.3503073340586
3916 3.46388367729794 15.3511603398533
2616 3.31223628691995 15.3520129456454
2404 0.235238987816305 15.3528651518096
347 3.59484777517535 15.3537169587206
51 1.51404494382015 15.3545683667522
1130 4.71923256902219 15.3554193762777
1090 1.80776426566887 15.3562699876702
2607 3.37494156147674 15.3571202013018
691 3.44485981308357 15.3579700175445
2443 0.264829518916393 15.3588194367696
105 4.60737628384686 15.3596684593478
3595 2.59776014932338 15.3605170856494
1066 3.50979477611958 15.3613653160442
3881 3.45221445221404 15.3622131509013
1772 3.81873252562979 15.3630605905895
737 3.33348858872807 15.3639076354771
1540 2.02932960893845 15.3647542859316
1084 1.81154025127952 15.3656005423202
315 0.154883720930232 15.3664464050097
3979 2.41608554160845 15.3672918743661
2603 3.30669144981467 15.3681369507551
3967 2.43102647468659 15.3689816345418
3365 3.6629526462391 15.3698259260908
1392 1.50255220417631 15.3706698257663
3778 3.4999999999995 15.3715133339318
2625 3.34353268428337 15.3723564509505
3834 3.39712696941596 15.3731991771849
1918 2.58175081056065 15.3740415129971
4045 3.80324074074031 15.3748834587488
874 2.5391022674687 15.3757250148009
3886 3.53792784458806 15.3765661815141
3368 5.3129912159029 15.3774069592485
382 2.08918669131226 15.3782473483636
3462 2.53025404157052 15.3790873492185
80 3.55817174515294 15.3799269621719
3935 3.76465159206311 15.3807661875818
1787 0.25691881918819 15.3816050258057
1986 3.19409866297832 15.3824434772009
3675 5.32672811059942 15.3832815421238
1671 3.29755872869686 15.3841192209307
2519 5.95994475138153 15.3849565139771
3532 3.08237459733078 15.3857934216182
448 3.88684452621927 15.3866299442087
3878 3.41931034482802 15.3874660821025
3587 3.85248161764726 15.3883018356535
3868 3.37758383096039 15.3891372052148
1365 1.76308539944893 15.3899721911391
2324 0.260211106011935 15.3908067937786
3636 3.41376146788981 15.391641013485
1985 4.39706556625418 15.3924748506095
1628 0.662694775435401 15.3933083055029
2501 2.22629409070077 15.3941413785155
2561 3.29349816849816 15.3949740699971
377 2.59267734553786 15.3958063802969
2544 3.30786825251592 15.3966383097638
2818 3.50160036579818 15.3974698587461
4005 3.78793418647129 15.3983010275918
2467 3.41023298309782 15.3991318166481
1420 0.244748858447486 15.3999622262621
2265 3.06435417617488 15.4007922567801
823 5.95802919707934 15.4016219085482
687 0.0975832193342453 15.4024511819118
2699 3.16499544211526 15.403280077216
885 0.584054669703872 15.4041085948052
2416 0.252276867030968 15.4049367350237
688 0.0974055530268546 15.4057644982149
938 5.57506824385748 15.4065918847221
2342 3.30241018644878 15.4074188948879
1856 2.46272727272739 15.4082455290546
3113 3.45706497046849 15.4090717875638
1175 3.02316076294251 15.4098976707568
3852 3.35315478892477 15.4107231789744
1582 2.56669691470069 15.4115483125571
432 5.33696145124715 15.4123730718446
2082 3.33771532184925 15.4131974571765
4072 3.05391934753025 15.4140214688915
1960 3.57382246376793 15.4148451073283
2491 2.55047532820287 15.4156683728249
3127 3.43484162895926 15.4164912657189
816 3.72184531886005 15.4173137863474
1790 3.30560578661874 15.418135935047
2320 3.52959783099882 15.4189577121539
955 0.885727190605266 15.419779118004
2506 5.90383747178225 15.4206001529324
1657 3.69765342960294 15.4214208172741
4021 3.82634190347337 15.4222411113635
295 6.09603246167787 15.4230610355344
296 6.09598918431679 15.4238805901204
3908 3.44054054054111 15.4246997754544
2555 3.1688428635746 15.4255185918691
2402 0.266426642664264 15.4263370396967
3018 3.13450292397667 15.4271551192687
384 5.71582733812996 15.4279728309165
1791 2.24494382022489 15.4287901749708
2647 2.83737646001814 15.429607151762
504 2.5154916928604 15.4304237616199
2903 5.88195691203005 15.4312400048741
520 0.914311350381349 15.4320558818536
2206 3.49641255605349 15.4328713928869
322 3.75033617211997 15.4336865383021
1827 3.8463261648752 15.4345013184269
3126 3.02955665024658 15.4353157335887
4034 2.41271262309745 15.4361297841141
1938 0.242505592841164 15.4369434703296
501 5.21198568873025 15.4377567925611
2405 0.233795261510951 15.4385697511341
1541 2.02859696157273 15.4393823463736
2084 2.49397052255473 15.4401945786043
3315 3.75982142857201 15.4410064481503
1866 2.53413654618472 15.4418179553355
3528 3.35682426405041 15.4426291004831
2422 0.23718234507356 15.443439883916
3108 3.15240641711252 15.4442503059567
1991 3.21247216035596 15.4450603669272
75 2.50934995547632 15.4458700671491
1614 1.29506008010684 15.4466794069435
1829 5.02669039145863 15.4474883866312
773 0.646509559804363 15.4482970065326
2135 3.11066666666627 15.4491052669674
544 3.32119058196335 15.4499131682552
238 3.63232682060368 15.4507207107149
3951 2.40656901908569 15.4515278946652
2553 3.36424134871289 15.4523347204242
2880 3.76230598669653 15.4531411883098
754 5.58244680851056 15.4539472986392
2161 0.230837394771818 15.4547530517293
4057 3.05934455270179 15.4555584478967
4011 2.52678176184148 15.4563634874575
857 3.13716814159339 15.4571681707272
3811 3.36974789915999 15.457972498021
26 2.18390804597684 15.4587764696539
2712 3.17675651789651 15.4595800859403
836 4.54461130742053 15.460383347194
835 4.54481236203032 15.4611862537286
3526 3.73786407766958 15.4619888058574
50 6.07807675342008 15.462791003893
4069 2.96340388007095 15.4635928481477
2564 3.32481269281684 15.4643943389335
1961 3.57224669603571 15.4651954765619
2367 3.18273888155029 15.4659962613439
1842 2.48679577464808 15.4667966935903
2354 3.40519137703464 15.4675967736112
3862 3.39885664028173 15.4683965017165
2541 3.38241758241799 15.4691958782157
242 6.07820738137119 15.4699949034179
2852 3.80764163372785 15.4707935776315
2570 3.32572431957906 15.471591901165
1518 4.81219833260213 15.472389874326
400 0.993421052631519 15.473187497422
2006 0.246383165278389 15.47398477076
2674 2.64110429447837 15.4747816946466
2545 3.15856329391176 15.475578269388
1147 0.804290718038555 15.47637449529
3158 3.45032822757063 15.477170372658
2619 3.29571303587002 15.477965901797
2272 2.559247923043 15.4787610830116
3562 0.864947552447524 15.479555916606
2302 3.40629095674939 15.4803504028839
2430 0.269432314410482 15.4811445421489
2116 3.00218245307751 15.4819383347038
2379 5.02399650959915 15.4827317808513
2439 0.251199302224162 15.4835248808937
588 0.993461203138656 15.4843176351326
4061 3.04444444444422 15.4851100438695
488 0.623693379790944 15.4859021074056
2088 3.28994340444041 15.4866938260413
2018 0.261966927763275 15.4874852000769
3858 3.4158329708573 15.4882762298123
3921 3.14565217391259 15.489066915547
60 6.03954802259828 15.4898572575799
1178 3.14726324934804 15.4906472562099
663 4.89969604863262 15.4914369117351
1274 0.339409722222228 15.4922262244534
4020 2.47245119305858 15.4930151946625
1615 1.2927146574155 15.4938038226593
2391 4.88253142609478 15.4945921087406
2392 5.71707105719339 15.4953800532029
2520 5.96058899956807 15.496167656342
661 0.623809523809538 15.4969549184535
1184 3.18606663781934 15.4977418398327
1742 3.35856401384059 15.4985284207743
1780 5.31258106355381 15.4993146615728
2473 3.00648228176289 15.5001005625222
3824 3.40907127429818 15.5008861239163
872 3.07124352331584 15.5016713460482
380 3.2995252481654 15.5024562292109
2403 0.229508196721315 15.5032407736969
2418 0.270806382061233 15.5040249797984
760 0.161637931034482 15.5048088478072
2423 0.249892287806977 15.5055923780146
3923 3.14298018949225 15.5063755707117
3735 3.50538097288007 15.5071584261891
3978 2.57487091222031 15.5079409447371
314 3.17376344086054 15.5087231266456
2292 2.99656061908906 15.509504972204
3000 3.16630855178373 15.5102864817016
3827 3.3221649484536 15.5110676554271
1875 2.64877629884065 15.511848493669
2676 1.2111587982833 15.5126289967152
3507 3.31874731874714 15.5134091648534
170 2.96012006861082 15.5141889983709
2597 3.17059579940042 15.5149684975546
693 3.12210796915127 15.5157476626911
4010 2.59057815845826 15.5165264940665
2424 0.255993150684928 15.5173049919668
4054 3.0658964484378 15.5180831566772
433 3.13601368691159 15.5188609884829
904 3.53185121846898 15.5196384876687
4075 3.03504273504272 15.5204156545188
749 4.08030756087108 15.5211924893173
430 3.16268146882977 15.5219689923478
3394 2.58386683738788 15.5227451638935
3219 2.45733788395895 15.5235210042373
2929 2.24051172707896 15.5242965136618
4066 3.08013640238753 15.5250716924491
630 2.3804857264593 15.5258465408811
2571 3.31005110732511 15.5266210592393
4048 3.10472541507068 15.5273952478046
4027 2.42680851063838 15.5281691068578
2059 0.260740110591236 15.5289426366794
264 2.63392857142822 15.5297158375493
157 2.03187420314506 15.5304887097472
828 3.8360237892942 15.5312612535524
3695 2.24161358811053 15.5320334692439
343 3.15492359932133 15.5328053571001
892 5.92108612643191 15.5335769173995
2421 0.24554707379135 15.5343481504199
2432 0.238236540907161 15.5351190564387
3833 3.1483050847459 15.5358896357332
2431 0.239728928420164 15.5366598885802
2578 3.29297205757873 15.5374298152562
218 2.97757088446918 15.5381994160373
3406 2.9750423011847 15.5389686911993
697 4.07991543340422 15.5397376410175
4055 3.04945054945029 15.5405062657672
3981 3.76932826362545 15.5412745657229
2362 3.18496621621655 15.5420425411591
2425 0.267623469818488 15.5428101923498
2614 3.32405063291173 15.5435775195687
1253 2.08772669759603 15.5443445230891
1367 1.76264755480601 15.545111203184
1269 3.31142014327891 15.5458775601261
3962 2.59688289806207 15.5466435941877
425 2.22947368421037 15.5474093056406
2867 5.90530303030319 15.5481746947566
3689 2.25115692048814 15.5489397618069
3780 3.76324642556857 15.5497045070624
3924 3.46742328709588 15.5504689307937
2528 5.95840336134452 15.5512330332711
442 5.21293574128618 15.5519968147645
2664 2.64567590260272 15.5527602755434
2113 3.12421317666779 15.553523415877
2964 3.40813758389303 15.5542862360343
2889 3.0155136268347 15.5550487362837
1822 2.01466890192808 15.5558109168936
2445 0.248847926267279 15.5565727781317
592 2.01800670016761 15.5573343202656
2533 3.29719547927962 15.5580955435626
2774 3.82887029288762 15.5588564482894
1556 3.9895441237985 15.5596170347126
2019 0.232441471571906 15.5603773030984
385 3.70706226493912 15.5611372537127
888 0.571846282372619 15.5618968868209
1983 4.39039665970769 15.5626562026884
2563 3.3009181969949 15.5634152015799
3988 3.84021693783863 15.56417388376
398 6.12718932443685 15.5649322494928
3879 3.13047102959561 15.5656902990424
3608 2.9908333333336 15.5664480326721
