3 3.14159265358979 6.04360521071893
25 4.47000000999995 6.81376874467442
66 0.67000001 7.26428553146127
5 3.25000000999997 7.58393227862992
4081 5.85000000999992 7.83186955786793
109 4.15000000999996 8.03444906541677
97 1.59000001 8.20572759855817
199 3.56000000999997 8.35409581258541
655 3.56209150326796 8.48496585220362
94 4.718954248366 8.60203309182343
4 3.58169934640522 8.70793329160601
60 3.47712418300652 8.80461259937226
288 3.30718954248365 8.89354894123175
656 3.48366013071894 8.97589113251366
292 3.71241830065358 9.05254987861028
125 3.67320261437907 9.12425934654091
365 3.65359477124182 9.19162003744806
291 3.79738562091502 9.25512938615911
147 2.13071895424836 9.31520407645942
6 3.88888888888888 9.37219662577892
316 2.95424836601306 9.42640791930051
14 4.76470588235293 9.4780968255615
901 2.01307189542483 9.52748767286243
62 4.1111111111111 9.57477613332776
52 5.41830065359475 9.62013390501693
286 2.2875816993464 9.66371247518724
219 3.359477124183 9.70564617294596
394 5.44444444444443 9.74605466646916
327 5.0065359477124 9.78504502181501
1169 4.11764705882352 9.82271341256577
521 3.58823529411764 9.85914654903576
45 2.2156862745098 9.8944228804964
280 3.47712418300652 9.92861361234835
89 1.67320261437908 9.96178357140355
559 3.26797385620914 9.99399194570717
1081 1.06535947712418 10.0252929201146
601 1.98039215686274 10.0557362247681
33 0.0522875816993464 10.0853676104149
290 3.39215686274509 10.1142292619741
370 4.75163398692809 10.1423601597344
356 4.31372549019606 10.1697963959459
246 3.22875816993463 10.196571453256
90 5.41176470588234 10.2227164503784
8 4.02614379084966 10.248260359517
765 3.4313725490196 10.2732301993526
61 3.88888888888888 10.2976512068179
55 4.7908496732026 10.3215469903968
197 4.11764705882352 10.3449396672833
294 4.7908496732026 10.3678499863974
547 3.92156862745097 10.3902974389724
250 3.99346405228757 10.4123003581904
31 5.38562091503266 10.4338760091427
182 2.95424836601306 10.4550406702213
314 3.92156862745097 10.4758097069015
1584 3.86928104575162 10.496197638755
174 5.45098039215685 10.5162182004247
1147 4.92810457516338 10.5358843972018
110 4.05882352941175 10.5552085557705
608 3.45751633986927 10.5742023706142
450 3.04575163398692 10.5928769465213
289 2.85620915032679 10.6112428375782
39 1.78431372549019 10.6293100829913
184 2.92810457516339 10.6470882400429
69 5.4705882352941 10.6645864144519
1391 4.84967320261436 10.6818132883807
189 4.94117647058822 10.6987771463038
332 4.79738562091502 10.7154858989311
129 2.13725490196078 10.731947105359
96 4.6470588235294 10.7481679936048
382 2.04575163398692 10.7641554796627
1137 1.79738562091503 10.7799161852093
1176 3.359477124183 10.7954564540701
195 5.53594771241828 10.8107823675505
276 4.99999999999998 10.8258997587236
1142 4.2549019607843 10.8408142257593
831 3.63398692810456 10.8555311443704
360 3.35294117647058 10.8700556794452
92 5.45751633986926 10.8843927959296
127 0.0784313725490196 10.8985472690156
175 3.75163398692809 10.9125236936899
1171 2.15686274509803 10.9263264936883
1166 4.2549019607843 10.9399599299014
178 2.20915032679738 10.9534281082707
696 1.83006535947712 10.9667349872115
439 2.32026143790849 10.9798843845971
27 5.35294117647057 10.9928799843339
1114 3.3267973856209 11.0057253425574
792 2.32026143790849 11.0184238934725
1175 1.47058823529411 11.0309789548658
2455 2.92810457516339 11.0433937333081
53 5.41176470588234 11.055671329071
609 3.48366013071894 11.0678147407734
1181 1.67320261437908 11.0798268697781
485 1.64052287581699 11.0917105243523
22 1.91503267973856 11.1034684236084
522 1.47058823529411 11.1151032012387
231 2.12418300653594 11.126617409056
1645 3.68627450980391 11.1380135203529
436 2.93464052287581 11.1492939330907
205 4.10457516339868 11.1604609729279
24 4.05228758169933 11.1715168960981
491 3.58823529411764 11.1824638921459
3026 3.87581699346404 11.1933040865296
233 3.69281045751633 11.2040395430982
474 4.17647058823528 11.2146722664495
242 5.45098039215685 11.2252042041768
1149 1.47058823529411 11.2356372490099
48 5.45098039215685 11.245973240857
57 2.92810457516339 11.2562139687513
123 3.37908496732025 11.2663611727105
126 0.0980392156862745 11.2764165455104
390 5.35947712418299 11.2863817343801
65 4.86928104575162 11.2962583426215
145 3.11764705882352 11.3060479311573
1146 1.50980392156862 11.3157520200114
1120 2.9673202614379 11.325372089726
30 5.35294117647057 11.3349095827164
227 5.30718954248364 11.3443659045697
359 4.86928104575162 11.3537424252873
1129 3.79738562091502 11.3630404804768
32 5.38562091503266 11.3722613724931
139 3.04575163398692 11.3814063715337
181 2.92156862745097 11.3904767166883
350 2.90849673202613 11.3994736169468
28 5.34640522875815 11.4083982521659
331 4.86928104575162 11.4172517739984
1210 3.72549019607842 11.426035306784
476 4.99999999999998 11.4347499484074
473 4.17647058823528 11.4433967711208
232 3.17647058823528 11.4519768223362
267 0.0980392156862745 11.4604911253869
446 1.67320261437908 11.4689406802593
234 5.41176470588234 11.4773264642987
159 5.37254901960783 11.4856494328866
2 1.86274509803921 11.493910520095
64 1.91503267973856 11.5021106393145
587 4.83660130718953 11.5102506838613
37 1.91503267973856 11.5183315275603
235 5.45751633986926 11.5263540253086
1145 1.50980392156862 11.5343190136182
1153 1.67320261437908 11.5422273111391
124 4.05882352941175 11.5500797191648
23 4.90849673202613 11.5578770221188
570 5.01960784313724 11.5656199880256
1131 1.86274509803921 11.573309368964
1753 4.02614379084966 11.580945901506
165 4.17647058823528 11.5885303071397
1202 2.32026143790849 11.5960632926791
40 1.91503267973856 11.6035455506583
309 4.05882352941175 11.6109777597148
56 2.85620915032679 11.6183605849577
138 0.0980392156862745 11.6256946783259
29 5.35294117647057 11.6329806789327
49 5.45454545454549 11.6402192134007
302 5.53548387096778 11.6474108961848
1126 2.15384615384615 11.6545563298851
3735 0.331210191082803 11.6616561055504
868 1.83544303797469 11.6687108029711
1025 5.38993710691826 11.6757209909636
1408 1.91250000000001 11.6826872276454
1156 4.20496894409933 11.6896100607017
363 0.333333333333334 11.6964900276438
470 3.39877300613495 11.7033276560598
224 4.09756097560968 11.7101234638569
257 5.30303030303021 11.7168779594974
1409 1.91566265060242 11.7235916422262
73 0.0718562874251497 11.7302650022931
567 3.70833333333332 11.736898521167
424 2.90532544378696 11.7434926717446
91 5.34117647058822 11.7500479185526
2745 2.33333333333333 11.7565647179441
595 3.0639534883721 11.7630435182894
1158 1.64161849710984 11.7694847601609
1150 1.63793103448277 11.7758888765129
7 3.94285714285718 11.7822562928562
222 4.83522727272735 11.788587427428
209 5.51412429378533 11.7948826913565
335 3.75280898876407 11.8011424888212
1170 5.02234636871512 11.8073672172087
434 2.96666666666666 11.8135572672636
220 2.22651933701658 11.8197130232365
298 4.88461538461537 11.8258348630265
797 1.72677595628415 11.8319231583205
128 2.13586956521738 11.8379782747289
627 5.30270270270276 11.8440005719171
113 4.04838709677419 11.8499904037336
275 1.4385026737968 11.8559481183351
243 5.43085106382973 11.8618740583078
177 0.0687830687830688 11.8677685607852
1138 1.68947368421053 11.8736319575639
1148 1.48167539267015 11.8794645752152
851 6.13020833333326 11.8852667351942
106 0.077720207253886 11.8910387539466
34 0.0309278350515464 11.8967809430115
135 3.9076923076923 11.9024936091231
229 3.02040816326533 11.9081770543084
603 2.20812182741116 11.9138315759834
1344 3.82828282828287 11.9194574670462
1018 3.96482412060297 11.9250550159684
325 1.57999999999999 11.9306245068834
35 4.20895522388065 11.9361662196735
244 2.95049504950495 11.9416804300536
1141 2.01477832512317 11.9471674096542
183 2.99999999999999 11.9526274261014
1136 4.81951219512195 11.9580607430949
2350 1.40776699029126 11.9634676204851
336 0.333333333333333 11.9688483143471
95 4.01442307692316 11.9742030770537
602 4.85167464114839 11.9795321573465
677 0.347619047619047 11.984835800405
1204 4.19905213270149 11.9901142479146
293 3.2264150943396 11.9953677381323
12 4.7230046948356 12.0005965059516
2872 1.45327102803738 12.0058007829654
866 2.35813953488375 12.0109807975274
326 1.5787037037037 12.0161367748124
1251 4.7050691244239 12.021268936875
2871 1.37614678899083 12.0263775027068
297 5.27853881278549 12.0314626882928
861 4.7 12.036524706666
46 0.669683257918551 12.0415637679609
117 1.58558558558558 12.0465800794659
518 1.82511210762332 12.0515738456746
312 2.83928571428571 12.0565452683356
1199 1.97777777777779 12.0614945465016
379 3.78318584070799 12.066421876577
1152 2.2863436123348 12.0713274523649
236 2.17982456140349 12.0762114651128
254 5.53711790393003 12.081074103557
586 4.94782608695655 12.0859155539669
435 2.93939393939397 12.0907360001876
1196 1.48275862068966 12.0955356236815
600 4.85836909871246 12.1003146035697
63 1.89743589743589 12.1050731166719
466 4.64680851063835 12.1098113375458
310 5.84745762711883 12.1145294385252
886 3.27426160337556 12.119227589758
151 2.09663865546218 12.1239059592428
266 5.27615062761501 12.1285647128651
1523 5.37083333333335 12.1332040144323
26 4.03734439834024 12.1378240257085
185 5.47520661157016 12.1424249064486
562 2.3127572016461 12.1470068144307
1164 2.02459016393441 12.1515699054892
190 0.0897959183673469 12.1561143335464
635 1.57723577235773 12.1606402506438
38 1.93117408906881 12.1651478069722
1741 5.47983870967735 12.1696371509022
1159 1.81927710843375 12.174108429013
100 0.028 12.1785617861214
679 1.60956175298805 12.1829973653098
1157 1.66269841269841 12.1874153079538
1184 1.80237154150197 12.1918157537495
661 4.31102362204724 12.1961988407395
1140 1.72941176470588 12.2005647053394
141 5.49609375 12.2049134823629
320 5.26848249027236 12.209245305047
1201 5.03488372093024 12.2135603050763
98 1.57915057915058 12.2178586126073
375 3.41153846153845 12.2221403562917
520 4.7739463601532 12.2264056632997
380 4.18320610687029 12.2306546593424
329 6.12927756653981 12.2348874686942
114 4.04545454545463 12.2391042142148
1192 2.06792452830189 12.2433050173703
54 4.96240601503763 12.2474899982542
263 0.0187265917602996 12.2516592756081
84 4.94029850746275 12.2558129668421
201 0.0260223048327137 12.2599511880543
397 2.04814814814816 12.2640740540505
514 1.77859778597784 12.268181678363
1167 3.5441176470589 12.27227417327
226 5.3150183150183 12.2763516498133
1173 5.3357664233578 12.2804142178168
19 5.49818181818182 12.284461985904
528 3.81159420289845 12.2884950615158
1414 0.321299638989169 12.2925135509271
626 3.21942446043164 12.2965175592641
1266 3.19713261648749 12.3005071905204
121 5.28571428571443 12.3044825475737
1177 1.53380782918151 12.3084437322009
216 5.31560283687937 12.3123908450946
467 5.39575971731452 12.3163239858781
533 0.0316901408450704 12.3202432531203
346 0.347368421052632 12.3241487443508
465 2.21678321678323 12.3280405560743
50 5.44947735191637 12.3319187837852
74 2.32638888888892 12.3357835219811
1281 3.19723183391 12.3396348641772
664 1.65172413793102 12.3434729029195
137 0.0343642611683849 12.3472977297984
44 1.86986301369861 12.3511094354615
532 0.0341296928327645 12.3549081096268
512 0.0408163265306122 12.3586938410952
225 2.19322033898304 12.3624667177632
642 3.7263513513514 12.3662268266346
1047 0.93265993265993 12.369974253833
119 5.37583892617439 12.3737090846138
563 2.91973244147163 12.3774314033752
497 0.12 12.3811412936703
509 1.84385382059799 12.3848388382177
144 2.83774834437081 12.3885241189132
1255 3.78217821782185 12.3921972168405
358 2.20065789473687 12.3958582122814
1168 3.51803278688521 12.3995071847272
9 4.88562091503266 12.4031442128882
1193 3.45602605863192 12.4067693747047
490 2.10714285714287 12.4103827473562
251 4.1391585760517 12.413984407272
277 4.95483870967743 12.4175744301403
1154 1.5209003215434 12.4211528909181
82 2.23076923076922 12.4247198638406
614 5.23003194888187 12.4282754224302
568 3.77070063694277 12.4318196395059
1174 2.02539682539682 12.4353525871919
140 2.17088607594938 12.4388743369266
769 4.09463722397474 12.4423849594715
240 5.4056603773584 12.4458845249191
188 4.97178683385568 12.4493731027021
604 0.653125000000001 12.4528507616009
51 5.41744548286589 12.4563175697523
513 0.102484472049689 12.4597735946572
2263 1.18885448916409 12.4632189031885
1163 1.98765432098766 12.4666535615993
599 2.19999999999996 12.4700776355297
75 3.99386503067497 12.4734911900153
596 4.74617737003047 12.4768942894937
431 4.72865853658523 12.4802869978124
2399 4.90881458966575 12.483669378236
618 1.78484848484847 12.4870414934528
67 2.3353474320242 12.4904034055823
1207 4.73795180722886 12.4937551761817
2678 4.71471471471457 12.4970968662528
245 1.18862275449101 12.5004285362486
204 4.45970149253734 12.5037502460801
47 0.690476190476189 12.5070620551225
339 4.77448071216637 12.5103640222216
561 3.2485207100592 12.5136562057001
550 4.14749262536868 12.5169386633639
1191 1.85588235294117 12.5202114525081
2465 1.18768328445748 12.5234746299228
1132 2.29532163742693 12.5267282518996
88 5.55102040816341 12.5299723742366
482 2.93313953488365 12.5332070522449
425 2.00579710144929 12.5364323407538
1043 2.18786127167627 12.5396482941164
221 5.26801152737735 12.5428549662154
531 1.06609195402299 12.5460524104683
153 0.876790830945557 12.5492406798327
2687 0.0171428571428571 12.5524198268117
362 0.336182336182337 12.5555899034588
1135 2.06818181818184 12.5587509613835
541 3.30594900849864 12.5619030517559
338 0.336158192090395 12.565046225312
273 5.54366197183122 12.5681805323583
13 4.73033707865154 12.5713060227767
101 0.876750700280109 12.5744227460296
1182 2.03072625698326 12.5775307511642
1424 0.103064066852368 12.580630086817
628 2.91666666666666 12.5837208012191
107 0.321329639889196 12.5868029421999
443 3.86187845303877 12.589876557192
1531 6.04407713498608 12.5929416932354
187 1.87087912087911 12.595998396982
1130 5.26301369863029 12.5990467146995
179 2.89617486338798 12.602086692276
176 0.0544959128065395 12.605118375224
215 4.98913043478246 12.6081418086844
259 0.691056910569107 12.6111570374306
308 4.68378378378385 12.6141641058726
916 5.20215633423198 12.6171630580605
1 2.04301075268817 12.6201539376891
68 2.0965147453083 12.6231367881009
1269 1.77005347593584 12.6261116522906
481 4.97333333333332 12.6290785729083
1185 1.68882978723403 12.6320375922633
1165 3.50397877984092 12.6349887523278
1669 3.11640211640215 12.6379320947407
58 4.47757255936674 12.6408676608105
11 4.95526315789458 12.6437954915194
305 1.94225721784779 12.6467156275264
287 4.98952879581147 12.6496281091707
274 1.43864229765012 12.6525329764752
237 2.24479166666668 12.6554302691497
1050 3.88831168831173 12.6583200265942
191 0.0854922279792746 12.6612022879021
143 3.82945736434101 12.6640770918631
523 0.636597938144328 12.666944476967
1186 1.97429305912594 12.6698044814061
1036 0.00256410256410256 12.6726571430786
192 0.0664961636828645 12.6755024995916
248 3.70663265306116 12.6783405882639
583 5.60050890585263 12.6811714461292
564 2.34263959390865 12.6839951099389
1190 1.59746835443039 12.6868116161646
452 3.44949494949501 12.6896210010017
41 1.93198992443327 12.6924233003714
146 0.133165829145729 12.6952185499239
508 1.06015037593984 12.698006785041
116 2.99999999999995 12.7007880408389
378 1.18703241895261 12.7035623521707
629 3.17661691542293 12.706329753629
2367 1.57568238213398 12.7090902795486
1594 1.40841584158416 12.7118439640091
210 6.13333333333363 12.7145908408373
606 0.662561576354683 12.7173309436097
108 4.07125307125297 12.7200643056551
605 0.654411764705881 12.7227909600569
2688 0.0171149144254279 12.7255109396554
1556 5.51463414634119 12.7282242770504
1593 1.37712895377131 12.7309310046036
1151 2.27669902912625 12.7336311544406
1195 1.64164648910413 12.7363247584534
1303 1.40338164251208 12.7390118483026
2742 4.13012048192761 12.7416924554197
458 1.41346153846155 12.7443666110092
448 0.46282973621103 12.7470343460509
457 1.38277511961723 12.749695691302
972 4.65155131264908 12.7523506772991
70 4.94761904761903 12.7549993343605
1717 0.710213776722092 12.7576416925882
844 1.07109004739336 12.7602777818701
1172 1.66193853427893 12.7629076318815
461 0.462264150943399 12.7655312720878
136 0.329411764705883 12.7681487317461
2639 0.119718309859155 12.7707600399071
198 3.60187353629962 12.7733652254174
883 4.24766355140176 12.7759643169209
203 0.976689976689981 12.7785573428612
767 0.123255813953488 12.7811443314829
438 4.01392111368922 12.7837253108342
383 1.43518518518519 12.7863003087679
2877 5.42263279445709 12.7888693529439
693 2.37327188940089 12.7914324708305
4079 6.00229885057457 12.7939896897064
149 0.325688073394494 12.7965410366623
398 4.64073226544639 12.7990865386029
591 5.49999999999986 12.8016262222483
324 3.53302961275623 12.8041601141358
1626 0.877272727272732 12.8066882406215
459 6.12471655328824 12.8092106278821
694 4.96380090497736 12.8117273019164
430 3.91422121896176 12.8142382885469
264 2.04279279279283 12.8167436134214
641 3.96404494382015 12.8192433020148
462 5.3587443946187 12.8217373796301
163 2.09619686800897 12.8242258714007
1404 2.20089285714283 12.8267088022911
283 5.48106904231617 12.8291861970992
196 5.29777777777785 12.8316580804571
1576 2.11529933481153 12.834124476833
760 3.6526548672567 12.8365854105325
1265 1.39735099337749 12.8390409057001
428 4.18502202643159 12.8414909863204
2406 5.52967032967031 12.84393567622
344 2.11403508771932 12.8463749990682
1014 2.11378555798685 12.8488089783792
364 5.30786026200862 12.8512376375125
615 5.29411764705874 12.8536609996751
1162 1.55869565217393 12.8560790879224
400 5.8590021691973 12.8584919251597
1039 5.5519480519482 12.8608995341431
345 6.13390928725678 12.8633019374814
396 0.0905172413793104 12.865699157637
1418 1.26021505376345 12.8680912169271
544 0.0493562231759657 12.8704781375252
658 3.02141327623128 12.8728599414621
3133 0.51068376068376 12.8752366506274
1655 5.48614072494695 12.8776082867704
223 1.44255319148936 12.8799748715013
862 4.70488322717635 12.8823364262927
624 5.56355932203412 12.8846929724807
488 2.0909090909091 12.8870445312655
265 2.04219409282703 12.8893911237135
432 3.12000000000009 12.8917327707574
2567 4.46848739495797 12.8940694931983
453 0.976939203354304 12.896401311706
1559 5.2301255230125 12.8987282468205
733 2.37369519832984 12.9010503189533
2679 1.57083333333336 12.9033675483877
2748 0.316008316008316 12.9056799552809
1443 0.315352697095435 12.907987559664
282 2.22153209109732 12.910290381444
1555 1.78719008264461 12.9125884404041
2677 4.75257731958761 12.914881756205
2131 5.54938271604963 12.9171703483861
1761 4.74948665297766 12.9194542363663
827 4.9118852459017 12.9217334394446
1350 6.04498977505083 12.9240079768021
1321 4.63469387755092 12.9262778675019
2454 2.57230142566186 12.9285431304906
475 5.01016260162588 12.9308037845993
2230 4.74239350912775 12.9330598485441
2486 4.65182186234802 12.9353113409277
3771 0.117171717171717 12.9375582802397
1579 5.60080645161279 12.9398006848577
2749 0.313883299798794 12.9420385730485
471 2.90361445783136 12.9442719629685
71 0.0581162324649299 12.9465008726651
946 4.7639999999997 12.9487253200769
426 4.17365269461067 12.9509453230354
392 3.14541832669322 12.9531608992653
571 6.12723658051716 12.9553720663853
303 0.460317460317459 12.9575788419093
906 4.93663366336634 12.9597812432471
2492 0.677865612648218 12.961979287705
2585 4.71400394477289 12.9641729924869
1723 0.625984251968503 12.966362374695
194 2.12966601178781 12.9685474513306
1914 4.4470588235294 12.9707282392949
613 0.330724070450098 12.9729047553897
2453 2.572265625 12.9750770163184
780 2.57309941520474 12.9772450386865
112 3.43190661478598 12.9794088390024
249 4.0213592233011 12.9815684336786
449 0.465116279069768 12.9837238390318
1373 0.82591876208898 12.9858750712838
1197 1.81853281853286 12.9880221465628
529 2.23699421965317 12.9901650809032
885 3.23076923076922 12.9923038902472
258 0.0690978886756238 12.9944385904449
1143 2.37547892720304 12.9965691972552
168 5.2026768642447 12.9986957263466
349 2.14122137404583 13.0008181932979
1378 1.58095238095235 13.0029366135985
391 5.53802281368832 13.0050510026497
545 1.90512333965848 13.0071613757649
671 4.98674242424255 13.0092677481703
632 5.83742911153122 13.0113701350059
492 1.78113207547174 13.0134685513258
1910 3.77966101694898 13.0155630120989
202 0.0281954887218045 13.0176535322096
369 2.14634146341466 13.0197401264588
1405 1.13483146067415 13.0218228095636
1562 4.75514018691576 13.0239015961589
1388 1.29104477611941 13.0259765007976
651 5.5251396648044 13.028047537951
1803 0.873605947955382 13.0301147220098
1183 3.64749536178117 13.0321780672845
402 5.26296296296287 13.034237588006
1010 4.31608133086853 13.0362932983261
307 0.636531365313648 13.0383452123185
2066 4.77900552486209 13.0403933439789
723 1.83088235294122 13.0424377072255
1139 1.79633027522932 13.0444783159003
351 2.9102564102564 13.0465151837688
500 5.0073126142596 13.0485483245211
451 1.46350364963505 13.0505777517723
1230 4.70673952641169 13.0526034790629
253 5.40000000000018 13.0546255198595
540 3.92921960072579 13.0566438875555
526 1.05434782608696 13.0586585954713
285 5.31826401446657 13.0606696568549
499 5.97111913357409 13.0626770848826
279 5.9711711711716 13.0646808926594
1672 0.710431654676256 13.0666810932196
1657 1.78994614003589 13.068677699527
1916 4.73476702508941 13.0706707244759
535 5.36851520572461 13.0726601808913
619 1.78928571428571 13.0746460815291
389 0.333333333333332 13.0766284390775
705 5.43772241992889 13.0786072661564
1370 6.00177619893467 13.0805825753186
130 5.99999999999992 13.0825543790501
3400 5.5168141592923 13.0845226897705
1134 2.30742049469966 13.0864875198336
480 4.97178130511474 13.0884488815275
1537 2.6426056338028 13.0904067870758
1748 4.71880492091409 13.0923612486371
1179 2.01052631578948 13.0943122783063
330 0.712784588441326 13.0962598881145
352 2.90909090909082 13.0982040900298
211 0.350785340314136 13.1001448959575
18 3.89721254355392 13.1020823177407
598 0.344347826086957 13.1040163671604
1542 6.04513888888852 13.1059470559366
410 6.12478336221887 13.1078743957279
788 1.19031141868512 13.1097983981327
581 2.99827288428321 13.1117190746889
816 1.60862068965514 13.113636436875
1402 0.932874354561091 13.1155504961099
328 4.73024054982816 13.1174612637539
2269 2.50771869639794 13.1193687511084
1966 2.50856164383556 13.121272969417
228 0.688888888888887 13.1231739298654
1410 0.226962457337884 13.1250716435823
442 3.86201022146489 13.126966121639
393 4.8877551020407 13.1288573750507
193 4.85229202037331 13.1307454147762
558 1.92372881355936 13.1326302517187
1250 1.26057529610828 13.1345118967257
546 0.0523648648648648 13.13639036059
334 0.976391231028663 13.1382656540497
530 2.23737373737378 13.1401377877885
1155 2.03697478991596 13.1420067724363
152 1.06375838926176 13.1438726185693
2053 0.0184254606365159 13.1457353367107
247 3.22575250836135 13.1475949373307
162 1.07679465776293 13.1494514308472
539 0.0799999999999999 13.1513048276258
1547 5.34608985024958 13.1531551379803
284 4.95348837209291 13.1550023721732
1890 5.8524046434497 13.1568465404158
319 4.88576158940385 13.1586876528687
1400 0.930578512396683 13.1605257196421
1401 0.935643564356429 13.1623607507959
1867 6.1960461285007 13.1641927563406
553 6.19572368421069 13.1660217462369
2384 2.31198686371105 13.1678477303966
735 2.86065573770489 13.1696707186827
676 0.355155482815058 13.1714907209096
652 1.77777777777777 13.1733077468437
2217 5.42577487765073 13.1751218062036
454 2.85179153094451 13.1769329086602
594 2.67967479674794 13.1787410638373
593 2.68019480519473 13.1805462813117
3659 6.13938411669376 13.1823485706138
2801 5.86569579288004 13.1841479412275
4085 5.84168012924038 13.1859444025907
2004 0.304838709677419 13.1877379640957
72 4.76650563607087 13.1895286350895
1109 4.69935691318331 13.1913164248736
2485 0.674157303370783 13.193101342705
479 5.46314102564108 13.1948833977961
414 6.0031999999996 13.1966625993149
1267 5.42012779552753 13.1984389563857
21 1.92344497607659 13.2002124780888
404 4.68312101910824 13.2019831734614
1008 0.682034976152625 13.2037510514972
2482 0.646031746031744 13.2055161211474
1658 1.06814580031694 13.2072783913203
1411 0.22626582278481 13.2090378708821
2050 5.83096366508707 13.2107945686569
640 2.01892744479494 13.212548493427
437 0.0236220472440945 13.214299653933
322 1.43396226415095 13.2160480588746
798 5.87127158555754 13.2177937169102
650 5.47021943573653 13.2195366366576
1438 2.33646322378715 13.221276826694
4084 5.85625000000026 13.2230142955564
1666 2.35881435257406 13.2247490517419
278 5.96884735202473 13.2264811037078
1614 0.108864696734059 13.2282104598718
377 1.18478260869564 13.2299371286127
1035 0.00310077519379845 13.2316611182698
2544 0.0139318885448916 13.233382437144
944 0.349304482225658 13.2351010934977
2400 0.879629629629633 13.2368170955548
727 5.82434514637864 13.2385304515013
2511 5.42769230769264 13.2402411694852
970 5.70506912442402 13.2419492576173
1017 5.70552147239241 13.2436547239708
395 0.0918836140888207 13.2453575765816
4082 5.87767584097843 13.2470578234492
161 5.3297709923666 13.2487554725359
1406 1.13414634146339 13.2504505317679
406 0.0639269406392694 13.2521430090352
1218 1.05775075987843 13.2538329121915
1180 2.02276176024279 13.255520249055
625 5.56363636363667 13.2572050274083
158 1.90771558245085 13.2588872549986
1543 1.08157099697887 13.2605669395378
409 2.61387631975866 13.2622440887032
131 5.99999999999948 13.2639187101372
217 2.61353383458648 13.2655908114477
565 4.90690690690695 13.2672604002083
261 0.538230884557719 13.2689274839585
262 0.538922155688621 13.2705920702041
1532 6.0433482810167 13.272254166417
1575 0.0253731343283582 13.2739137800356
85 4.93889716840542 13.2755709184652
3674 0.678571428571426 13.277225589078
1534 5.84398216939077 13.2788777992131
806 4.78635014836799 13.280527556177
2427 5.26962962962946 13.282174867244
549 0.0458579881656805 13.2838197396556
3105 0.227474150664697 13.2854621806215
935 0.666666666666665 13.2871021973194
1289 0.658321060382914 13.2887397968953
519 1.31617647058823 13.2903749864635
416 1.31571218795889 13.2920077731073
1019 5.8621700879771 13.2936381638783
1389 1.2913616398243 13.2952661657976
1566 5.81871345029255 13.2968917858551
2988 5.84963503649616 13.2985150310103
321 4.71137026239081 13.3001359081921
2016 0.698689956331882 13.3017544242993
295 2.46947674418601 13.3033705862004
296 2.46879535558784 13.3049844007341
1203 5.44057971014468 13.3065958747093
2780 5.83357452966675 13.3082050149052
1293 3.72398843930653 13.3098118280719
952 5.01298701298679 13.3114163209299
2142 0.123919308357349 13.3130185001709
910 4.87338129496404 13.3146183724576
3927 5.88362068965503 13.3162159444238
2634 5.47202295552332 13.3178112226751
318 2.22636103151872 13.3194042137882
1031 0.326180257510731 13.3209949243121
1003 0.420000000000001 13.3225833607672
560 2.31669044222532 13.3241695296463
1072 5.81196581196558 13.3257534374143
1686 0.800853485064003 13.3273350905086
2474 5.46874999999968 13.328914495339
2483 0.642553191489363 13.3304916582881
2077 0.800283286118978 13.3320665857114
255 5.54031117397484 13.3336392839373
120 5.86864406779684 13.3352097592675
3789 0.510578279266572 13.3367780179768
1376 0.419718309859154 13.3383440663138
388 5.53305203938083 13.3399079105003
611 1.2317415730337 13.3414695567322
612 1.23141654978964 13.3430290111793
588 5.85854341736693 13.3445862799851
2914 3.72867132867154 13.3461413692678
36 4.20949720670388 13.3476942851196
2491 0.684797768479771 13.3492450336074
729 1.50696378830082 13.3507936207725
460 1.86091794158552 13.3523400526312
527 0.463888888888888 13.3538843351746
665 3.01941747572815 13.3554264743689
169 1.56648199445987 13.3569664761554
372 1.06224066390041 13.3585043464509
3680 0.0207182320441989 13.3600400911475
2225 1.07310344827588 13.361573716113
748 5.43801652892548 13.3631052271909
2480 0.702888583218703 13.3646346302006
83 2.23076923076922 13.3661619309375
1664 0.672153635116596 13.367687135173
3516 4.84794520547933 13.369210248655
207 2.09849521203833 13.3707312771076
317 3.04234972677585 13.3722502262315
543 2.10641200545705 13.3737671017041
575 2.85831062670295 13.3752819091795
1581 1.05034013605441 13.3767946542887
2033 5.82744565217365 13.3783053426399
495 2.19810040705572 13.3798139798182
2689 0.010840108401084 13.3813205713861
3627 4.84573748308522 13.3828251228836
501 1.51216216216219 13.3843276398281
2476 1.04588394062079 13.3858281277146
423 2.91644204851762 13.387326592016
1439 2.71870794078052 13.3888230381831
1440 2.71908602150552 13.3903174716446
1033 0.00134228187919463 13.3918098978073
1117 1.91957104557633 13.3933003220564
3505 5.85408299866138 13.3947887497554
498 2.85427807486631 13.3962751862461
2489 0.664886515353809 13.3977596368492
2479 0.649333333333332 13.3992421068638
489 1.06391478029294 13.400722601568
252 1.44015957446807 13.4022011262188
1160 3.55245683930943 13.4036776860521
3450 6.00530503978809 13.4051522862833
2143 0.695364238410602 13.4066249321067
4086 5.8399470899473 13.4080956286962
102 0.875825627476893 13.409564381205
3769 5.87467018469707 13.411031194766
1271 5.41897233201544 13.4124960744919
1178 3.49078947368409 13.4139590254749
1668 3.01708278580824 13.4154200527875
412 1.06955380577428 13.4168791614819
983 0.34076015727392 13.4183363565905
1415 0.319371727748689 13.4197916431262
768 4.47320261437907 13.4212450260817
1659 1.08616187989555 13.4226965104307
974 4.85006518904799 13.424146101127
1040 5.88932291666642 13.4255938031052
899 3.86866059817964 13.4270396212808
132 0.0948051948051948 13.4284835605497
2674 0.62645914396887 13.4299256257893
186 5.47538860103629 13.4313658218576
3731 2.50711513583444 13.4328041535938
99 0.0271317829457364 13.4342406258186
3783 1.64387096774192 13.4356752433338
1268 1.07474226804123 13.4371080109225
134 2.13513513513508 13.4385389333496
1407 1.13496143958867 13.4399680153616
1198 1.81771501925542 13.4413952616864
3806 0.825641025641023 13.4428206770341
2490 0.6606914212548 13.4442442660964
469 0.721227621483374 13.4456660335471
623 4.9042145593873 13.447085984042
826 0.13265306122449 13.4485041222194
93 4.72101910828073 13.4499204526994
1425 5.26208651399542 13.4513349800847
3736 4.684879288437 13.4527477089605
616 2.53934010152289 13.4541586438944
617 2.5399239543727 13.4555677894366
1029 4.02911392405065 13.4569751501201
1200 5.03539823008885 13.4583807304608
1564 0.675505050505052 13.4597845349572
989 2.64312736443878 13.461186568091
621 5.30100755667483 13.4625868343269
1144 3.54968553459147 13.4639853381126
1381 1.63693467336681 13.4653820838794
1007 2.3237139272271 13.4667770760414
566 1.76942355889721 13.4681703189965
1188 2.04630788485612 13.4695618171259
1194 2.01249999999996 13.4709515747944
411 4.88389513108596 13.4723395963504
1919 2.50872817955108 13.4737258861262
422 0.0261519302615193 13.4751104484376
2215 5.84577114427871 13.4764932875844
2481 0.631055900621125 13.4778744078507
3350 0.116625310173697 13.4792538135041
657 1.78314745972743 13.4806315087967
1390 1.29084158415839 13.4820074979646
2488 0.618046971569842 13.4833817852284
740 5.34691358024724 13.4847543747928
1112 0.680641183723794 13.4861252708472
4088 5.850985221675 13.4874944775652
1044 5.03444034440393 13.4888619991054
921 0.668304668304671 13.4902278396106
42 1.25889570552147 13.4915920032088
1122 4.64460784313748 13.4929544940124
2477 1.05630354957159 13.4943153161189
742 3.71271393643047 13.4956744736109
649 0.978021978021975 13.4970319705557
1412 5.53170731707253 13.4983878110059
1750 1.06699147381243 13.4997419989994
1383 5.67031630170339 13.5010945385591
1583 5.67071688942866 13.5024454336935
487 0.690533980582533 13.5037946883961
1206 1.43757575757577 13.5051423066464
991 2.64164648910411 13.5064882924089
304 4.8343409915358 13.5078326496341
1372 0.826086956521742 13.5091753822581
2675 4.9107358262967 13.5105164942026
511 1.07710843373495 13.5118559893752
1098 4.46450060168468 13.5131938716694
384 2.1382211538462 13.5145301449647
876 0.327731092436977 13.5158648131265
1187 2.0503597122302 13.5171978800064
4083 5.835928143712 13.5185293494421
2633 5.46650717703363 13.5198592252575
1161 3.27479091995232 13.5211875112628
2512 6.08114558472617 13.5225142112546
1696 6.08104886770011 13.5238393290158
1028 5.39047619047669 13.525162868316
542 2.10820451843049 13.5264848329111
2470 0.34560570071259 13.5278052265437
2484 0.657176749703438 13.5291240529432
1041 4.79739336492875 13.5304413158255
1891 0.029585798816568 13.5317570188936
505 1.58510638297873 13.533071165837
2199 1.06493506493506 13.5343837603323
504 0.640330188679245 13.5356948060433
2036 0.511189634864549 13.5370043066204
884 4.12235294117619 13.5383122657016
973 4.84371327849576 13.5396186869116
1667 2.35798122065729 13.5409235738626
747 5.8640093786636 13.5422269301541
208 2.09484777517556 13.5435287593729
59 4.48304093567226 13.5448290650931
1189 4.12032710280361 13.5461278508764
164 0.337222870478415 13.547425120272
2640 5.82167832167836 13.5487208768167
2478 1.0523864959255 13.5500151240348
555 5.54186046511596 13.5513078654384
2879 4.17886178861827 13.5525991045275
166 2.43967517401394 13.5538888447897
167 2.43916570104291 13.5551770897005
173 1.5740740740741 13.5564638427234
340 4.25780346820817 13.5577491073099
548 1.26096997690531 13.5590328868994
610 3.44982698961928 13.5603151849195
569 0.338709677419356 13.561596004786
2447 5.38895281933299 13.5628753499027
1242 2.74942528735626 13.5641532236619
2846 3.7256027554537 13.5654296294439
381 5.45986238532162 13.5667045706178
1133 2.00916380297823 13.5679780505407
1779 5.86041189931302 13.5692500725584
2324 5.87999999999988 13.5705206400052
3700 5.22945205479454 13.5717897562038
2137 0.196123147092361 13.5730574244658
2497 0.195899772209567 13.5743236480913
1241 2.749715585893 13.5755884303691
142 4.06249999999979 13.576851774577
620 3.99205448354152 13.5781136839814
1399 0.931972789115636 13.5793741618376
663 3.55605889014734 13.58063321139
782 5.47285067873301 13.5818908358719
2487 0.671186440677958 13.5831470385055
502 2.95823927765252 13.5844018225024
373 5.27621195039443 13.5856551910629
1398 0.933558558558572 13.5869071473769
1054 2.31271091113612 13.5881576946233
478 3.39213483146056 13.5894068359702
2294 3.11784511784509 13.5906545745754
1530 6.04147982062724 13.5919009135856
4087 5.84882418812965 13.5931458561373
115 3.68680089485464 13.5943894053562
2772 5.82905027932911 13.5956315643577
154 0.878348214285708 13.5968723362466
2040 5.85507246376842 13.5981117241176
