329 3.14159265358979 1.73283234375528
851 3.14000000999998 2.88807764468852
444 0.37 3.56385282486879
704 0.29 4.04332294562176
1056 5.16999999999993 4.41522886447878
171 0.26 4.71909812580203
719 0.26 4.97601592551413
407 1.45 5.198568246555
182 5.73999999999992 5.39487330598231
1007 6.06999999999992 5.57047416541202
461 6.00999999999992 5.72932446508589
434 5.66999999999992 5.87434342673528
540 1.41 6.0077479395245
705 6.25999999999991 6.13126122644737
941 4.97999999999994 6.24624934559229
449 6.06999999999992 6.35381354748824
709 0.48 6.45485458384897
920 5.16999999999993 6.55011860691555
918 5.30999999999993 6.64023064236601
445 0.12 6.72571946634526
891 4.59999999999995 6.80703640662765
184 5.68999999999992 6.88456976601914
921 3.38999999999997 6.95865603697052
682 0.39 7.02958872766852
435 5.69999999999992 7.09762538520228
1955 1.07 7.16299324045775
720 0.2 7.22589378709582
919 3.23999999999997 7.28650652738061
923 3.11999999999998 7.3449920603994
922 3.49999999999997 7.40149464652553
711 5.97999999999992 7.45614435123052
751 3.00999999999998 7.50905884842149
56 1.82 7.56034494619941
850 2.91999999999998 7.61009988478221
1010 5.91999999999992 7.65841244623763
939 3.30999999999997 7.70536390784879
502 5.61999999999992 7.75102886482898
757 3.17999999999998 7.79547594329925
482 5.75999999999992 7.83876842063802
161 4.41999999999995 7.8809647672785
2519 4.74999999999994 7.92211912159579
1060 5.07999999999994 7.96228170756089
3057 3.05999999999998 8.00149920324455
330 2.85999999999998 8.03981506695238
424 1.42 8.07726982670581
345 2.95999999999998 8.11390133790377
821 0.940000000000001 8.14974501327204
1790 1.95 8.18483402860176
328 4.30999999999995 8.21919950727299
1677 2.80999999999998 8.25287068613552
758 3.44999999999997 8.28587506496249
1023 6.15999999999991 8.31823854139099
713 1.38 8.34998553300881
830 3.27999999999997 8.38113908802907
211 3.33999999999997 8.41172098580939
752 3.08999999999998 8.44175182831386
935 3.14999999999998 8.47125112347953
728 0.55 8.50023736133264
100 1.18 8.52872808359814
462 4.41999999999995 8.55673994745878
1017 4.41999999999995 8.58428878404413
729 0.43 8.61138965216376
572 0.16 8.63805688774116
2525 3.20999999999998 8.66430414935473
668 2.88999999999998 8.690144460248
755 2.76999999999998 8.71559024713265
281 3.03999999999998 8.74065337607355
1679 2.97999999999998 8.76534518571545
1059 5.23999999999993 8.78967651808404
928 2.73999999999999 8.81365774717088
721 0.07 8.8372988054908
669 2.82999999999998 8.86060920878204
934 3.42999999999997 8.88359807900259
276 1.71 8.90627416576223
715 1.45 8.92864586631579
753 3.35999999999997 8.95072124423249
289 0.860000000000001 8.97250804684475
932 3.54999999999997 8.99401372157126
930 3.25999999999997 9.01524543120031
756 2.93999999999998 9.03621006821174
670 2.69999999999999 9.05691426820934
410 3.58999999999997 9.07736442252903
950 0.58 9.09756669008294
360 0.860000000000001 9.11752700849413
467 2.04 9.13725110457247
162 2.66999999999999 9.15674450417779
90 2.04 9.17601254151291
189 1.71 9.19506036788562
926 3.61999999999997 9.21389295997551
892 4.59999999999995 9.23251512763905
576 0.53 9.25093152128336
309 4.21999999999995 9.26914663883701
1058 5.10999999999994 9.28716483234404
847 4.81999999999994 9.30499031420528
3787 4.81999999999994 9.32262716308951
844 2.11 9.340079329535
748 2.11 9.35735064126091
603 3.56999999999997 9.37444480820623
654 4.21999999999995 9.39136542731293
3807 2.63999999999999 9.40811598706876
1962 1.06930693069307 9.42469987182404
940 3.6470588235294 9.44112036589573
1528 4.49514563106798 9.45738065747133
1263 4.49038461538462 9.47348384232423
876 4.16190476190475 9.48943292735115
737 1.17924528301887 9.50523083394205
165 1.65420560747663 9.52088040119179
135 1.82407407407408 9.53638438896231
924 2.71559633027523 9.55174548080385
829 5.21818181818181 9.56696628674264
1011 0.045045045045045 9.5820493459425
1062 5.12500000000001 9.5969971292471
1771 4.15929203539819 9.61181204160918
904 1.23684210526316 9.62649642441277
905 1.23478260869565 9.64105255769403
1871 1.08620689655172 9.65548266226588
1683 2.78632478632478 9.66978890175154
1711 3.53389830508474 9.68397338453138
432 5.47899159663864 9.69803816560782
145 5.47500000000006 9.71198524839202
175 0.851239669421486 9.72581658641651
1244 4.31147540983603 9.73953408497737
2790 1.95121951219512 9.7531396027093
1057 5.25806451612905 9.766634953097
893 4.616 9.78002190592578
604 2.61904761904761 9.79330218867441
305 1.7007874015748 9.80647748785293
1081 1.890625 9.81954945028797
696 1.89147286821706 9.83251968435806
1582 0.799999999999998 9.84538976118125
716 0.801526717557253 9.85816121575719
1009 0.0833333333333333 9.87083554806589
61 2.16541353383459 9.88341422412487
60 2.1641791044776 9.89589867700679
933 3.47407407407409 9.90829030781932
2769 1.94117647058823 9.9205904866487
3737 4.29927007299269 9.93280055346882
731 0.44927536231884 9.94492181901729
2521 4.7482014388489 9.95695556563976
413 0.942857142857141 9.96890304810412
2399 4.10638297872336 9.98076549438556
538 4.10563380281696 9.99254410642404
1712 2.75524475524478 10.0042400608551
95 1.74999999999999 10.0158545097153
769 1.75172413793104 10.0273885811229
1686 2.6849315068493 10.0388433799358
459 3.6054421768707 10.0502199883865
730 0.513513513513513 10.0615194666955
3794 0.993288590604026 10.0727428536644
3795 0.993333333333336 10.083891167249
718 3.66887417218539 10.0949654051135
1371 2.59868421052633 10.1059665451657
598 2.65359477124182 10.116895546076
143 1.65584415584416 10.127753347778
73 4.69032258064516 10.138540871954
842 4.69230769230768 10.1492590225045
1697 2.72611464968155 10.1599086860025
714 1.48101265822785 10.1704907321336
2520 4.76100628930822 10.1810060141223
927 2.84375000000002 10.191455369145
894 4.58385093167696 10.2018396187294
57 4.25925925925926 10.2121595691426
291 4.25766871165644 10.2224160117665
1008 0.176829268292683 10.2326097234623
1631 0.933333333333336 10.2427414669229
313 1.8132530120482 10.2528119910162
2395 2.20958083832334 10.2628220311165
1385 2.20833333333333 10.2727723094274
138 1.18934911242604 10.2826635352937
732 0.417647058823529 10.2924964055057
1706 2.87719298245615 10.302271604593
3710 5.51162790697664 10.311989805111
1064 5.51445086705193 10.3216516679182
1063 5.20689655172405 10.3312578424462
671 2.00000000000001 10.3408089669611
287 1.99999999999999 10.3503056688189
1061 5.13559322033899 10.3597485647117
258 4.0674157303371 10.3691382609088
1589 4.06703910614528 10.3784753534899
1957 1.05555555555555 10.3877604285723
448 0.143646408839779 10.3969940625317
