0.2857043147087097 0.15733203291893005
0.2537093758583069 0.16335517168045044
0.15126542747020721 0.15019570291042328
0.1577795147895813 0.14007258415222168
0.16158853471279144 0.14809517562389374
0.15800197422504425 0.15434177219867706
0.1086544394493103 0.15384644269943237
0.11026811599731445 0.1545153260231018
0.07046914845705032 0.16568899154663086
0.08666824549436569 0.15224702656269073
0.07153048366308212 0.16161850094795227
0.0687919482588768 0.14504766464233398
0.08053025603294373 0.151007741689682
0.07153096795082092 0.14092570543289185
0.06983397901058197 0.16426578164100647
0.0763658732175827 0.15369275212287903
0.0542471706867218 0.15245410799980164
0.03639368712902069 0.154835045337677
0.0473523885011673 0.15474894642829895
0.0483735091984272 0.16824376583099365
0.061419807374477386 0.15059933066368103
0.06472121924161911 0.13767088949680328
0.066866934299469 0.14632177352905273
0.04420220106840134 0.15659551322460175
0.053897734731435776 0.1493653655052185
0.05392291769385338 0.1554674506187439
0.07627755403518677 0.14500287175178528
0.05159073323011398 0.14638686180114746
0.05366998165845871 0.1781567633152008
0.0626731663942337 0.16302445530891418
0.051581814885139465 0.15414142608642578
0.060546718537807465 0.16951176524162292
0.04392538219690323 0.16749277710914612
0.05142808333039284 0.15467937290668488
0.06908562034368515 0.1423754096031189
0.04329077526926994 0.14737898111343384
0.05258975178003311 0.16217011213302612
0.06213587149977684 0.14822909235954285
0.04932897537946701 0.13483668863773346
0.040827542543411255 0.1496374011039734
0.04298621416091919 0.1496587097644806
0.043572455644607544 0.14666065573692322
0.045631296932697296 0.1327453851699829
0.06478273123502731 0.16145099699497223
0.05858353152871132 0.15246161818504333
0.04575253278017044 0.15261495113372803
0.03424537181854248 0.14220765233039856
0.04243508726358414 0.14382945001125336
0.05635005235671997 0.160489022731781
0.035820186138153076 0.15972965955734253
0.02833743393421173 0.15458397567272186
